装备名称	刀盾站立1	盾刀站立1	空手站立1	空手站立2	空手站立3	短武器站立	长武器站立	双武器站立	刀盾武器站立	盾刀武器站立	琴战斗站立	琴非战斗站立	空手走路	普通走路	短武器走路	长武器走路	双武器走路	刀盾武器走路	盾刀武器走路	琴走路	空手跑步	普通跑步	短武器跑步	长武器跑步	双武器跑步	刀盾武器跑步	盾刀武器跑步	琴武器跑步	空手受伤	短武器受伤	长武器受伤	双武器受伤	刀盾武器受伤	盾刀武器受伤	琴武器受伤	空手死亡	短武器死亡	长武器死亡	双武器死亡	刀盾武器死亡	盾刀武器死亡	琴武器死亡	空手攻击	短武器刺	短武器砍	长武器戳	长武器劈	双武器划	双武器砸	刀盾武器划	刀盾武器砍	盾刀武器划	盾刀武器砍	琴武器攻击1	琴武器攻击2	暗器投掷	空手魔法	短武器魔法	长武器魔法	双武器魔法	刀盾武器魔法	盾刀武器魔法	琴武器魔法	打坐	跳跃	骑马站立	骑马走动	骑马跑步	骑马攻击劈	骑马攻击刺	骑马魔法	骑马受伤	骑马死亡	骑马站立1	骑马站立2
躯体01	120,8,1	120,8,1	120,8,1	120,8,1	88,8,1	88,8,1	88,8,1	88,8,1	120,8,1	120,8,1	88,8,1	88,8,1	120,8,1	120,8,1	120,8,1	120,8,1	120,8,1	248,8,1	248,8,1	96,8,1	88,8,1	88,8,1	88,8,1	88,8,1	88,8,1	96,8,1	96,8,1	88,8,1	72,8,1	64,8,1	56,8,1	96,8,1	104,8,1	104,8,1	56,8,1	104,8,1	96,8,1	128,8,1	144,8,1	104,8,1	104,8,1	120,8,1	144,8,1	128,8,1	112,8,1	96,8,1	96,8,1	128,8,1	96,8,1	232,8,1	192,8,1	232,8,1	192,8,1	80,8,1	184,8,1	128,8,1	96,8,1	96,8,1	104,8,1	128,8,1	176,8,1	176,8,1	96,8,1	72,8,1	160,8,1	112,8,1	96,8,1	80,8,1	96,8,1	112,8,1	96,8,1	48,8,1	112,8,1	112,8,1	112,8,1
躯体02	120,8,1	120,8,1	120,8,1	120,8,1	88,8,1	88,8,1	88,8,1	88,8,1	120,8,1	120,8,1	88,8,1	88,8,1	120,8,1	120,8,1	120,8,1	120,8,1	120,8,1	248,8,1	248,8,1	96,8,1	88,8,1	88,8,1	88,8,1	88,8,1	88,8,1	96,8,1	96,8,1	88,8,1	72,8,1	64,8,1	56,8,1	96,8,1	104,8,1	104,8,1	56,8,1	96,8,1	88,8,1	120,8,1	144,8,1	104,8,1	104,8,1	120,8,1	144,8,1	128,8,1	112,8,1	96,8,1	96,8,1	128,8,1	96,8,1	232,8,1	192,8,1	232,8,1	192,8,1	80,8,1	184,8,1	128,8,1	96,8,1	96,8,1	104,8,1	128,8,1	176,8,1	176,8,1	96,8,1	72,8,1	160,8,1	112,8,1	96,8,1	80,8,1	96,8,1	112,8,1	96,8,1	48,8,1	112,8,1	112,8,1	112,8,1
躯体03	120,8,1	120,8,1	120,8,1	120,8,1	88,8,1	88,8,1	88,8,1	88,8,1	120,8,1	120,8,1	88,8,1	88,8,1	120,8,1	120,8,1	120,8,1	120,8,1	120,8,1	248,8,1	248,8,1	96,8,1	88,8,1	88,8,1	88,8,1	88,8,1	88,8,1	96,8,1	96,8,1	88,8,1	72,8,1	64,8,1	56,8,1	96,8,1	104,8,1	104,8,1	56,8,1	96,8,1	88,8,1	120,8,1	144,8,1	104,8,1	104,8,1	120,8,1	144,8,1	128,8,1	112,8,1	96,8,1	96,8,1	128,8,1	96,8,1	232,8,1	192,8,1	232,8,1	192,8,1	80,8,1	184,8,1	128,8,1	96,8,1	96,8,1	104,8,1	128,8,1	176,8,1	176,8,1	96,8,1	72,8,1	160,8,1	112,8,1	96,8,1	80,8,1	96,8,1	112,8,1	96,8,1	48,8,1	112,8,1	112,8,1	112,8,1
躯体04	120,8,1	120,8,1	120,8,1	120,8,1	88,8,1	88,8,1	88,8,1	88,8,1	120,8,1	120,8,1	88,8,1	88,8,1	120,8,1	120,8,1	120,8,1	120,8,1	120,8,1	248,8,1	248,8,1	96,8,1	88,8,1	88,8,1	88,8,1	88,8,1	88,8,1	96,8,1	96,8,1	88,8,1	72,8,1	64,8,1	56,8,1	96,8,1	104,8,1	104,8,1	56,8,1	96,8,1	88,8,1	120,8,1	144,8,1	104,8,1	104,8,1	120,8,1	144,8,1	128,8,1	112,8,1	96,8,1	96,8,1	128,8,1	96,8,1	232,8,1	192,8,1	232,8,1	192,8,1	80,8,1	184,8,1	128,8,1	96,8,1	96,8,1	104,8,1	128,8,1	176,8,1	176,8,1	96,8,1	72,8,1	160,8,1	112,8,1	96,8,1	80,8,1	96,8,1	112,8,1	96,8,1	48,8,1	112,8,1	112,8,1	112,8,1
躯体05	120,8,1	120,8,1	120,8,1	120,8,1	88,8,1	88,8,1	88,8,1	88,8,1	120,8,1	120,8,1	88,8,1	88,8,1	120,8,1	120,8,1	120,8,1	120,8,1	120,8,1	248,8,1	248,8,1	96,8,1	88,8,1	88,8,1	88,8,1	88,8,1	88,8,1	96,8,1	96,8,1	88,8,1	72,8,1	64,8,1	56,8,1	96,8,1	104,8,1	104,8,1	56,8,1	96,8,1	88,8,1	120,8,1	144,8,1	104,8,1	104,8,1	120,8,1	144,8,1	128,8,1	112,8,1	96,8,1	96,8,1	128,8,1	96,8,1	232,8,1	192,8,1	232,8,1	192,8,1	80,8,1	184,8,1	128,8,1	96,8,1	96,8,1	104,8,1	128,8,1	176,8,1	176,8,1	96,8,1	72,8,1	160,8,1	112,8,1	96,8,1	80,8,1	96,8,1	112,8,1	96,8,1	48,8,1	112,8,1	112,8,1	112,8,1
躯体06	120,8,1	120,8,1	120,8,1	120,8,1	88,8,1	88,8,1	88,8,1	88,8,1	120,8,1	120,8,1	88,8,1	88,8,1	120,8,1	120,8,1	120,8,1	120,8,1	120,8,1	248,8,1	248,8,1	96,8,1	88,8,1	88,8,1	88,8,1	88,8,1	88,8,1	96,8,1	96,8,1	88,8,1	72,8,1	64,8,1	56,8,1	96,8,1	104,8,1	104,8,1	56,8,1	96,8,1	88,8,1	120,8,1	144,8,1	104,8,1	104,8,1	120,8,1	144,8,1	128,8,1	112,8,1	96,8,1	96,8,1	128,8,1	96,8,1	232,8,1	192,8,1	232,8,1	192,8,1	80,8,1	184,8,1	128,8,1	96,8,1	96,8,1	104,8,1	128,8,1	176,8,1	176,8,1	96,8,1	72,8,1	160,8,1	112,8,1	96,8,1	80,8,1	96,8,1	112,8,1	96,8,1	48,8,1	112,8,1	112,8,1	112,8,1
躯体07	120,8,1	120,8,1	120,8,1	120,8,1	88,8,1	88,8,1	88,8,1	88,8,1	120,8,1	120,8,1	88,8,1	88,8,1	120,8,1	120,8,1	120,8,1	120,8,1	120,8,1	248,8,1	248,8,1	96,8,1	88,8,1	88,8,1	88,8,1	88,8,1	88,8,1	96,8,1	96,8,1	88,8,1	72,8,1	64,8,1	56,8,1	96,8,1	104,8,1	104,8,1	56,8,1	96,8,1	88,8,1	120,8,1	144,8,1	104,8,1	104,8,1	120,8,1	144,8,1	128,8,1	112,8,1	96,8,1	96,8,1	128,8,1	96,8,1	232,8,1	192,8,1	232,8,1	192,8,1	80,8,1	184,8,1	128,8,1	96,8,1	96,8,1	104,8,1	128,8,1	176,8,1	176,8,1	96,8,1	72,8,1	160,8,1	112,8,1	96,8,1	80,8,1	96,8,1	112,8,1	96,8,1	48,8,1	112,8,1	112,8,1	112,8,1
躯体08	120,8,1	120,8,1	120,8,1	120,8,1	88,8,1	88,8,1	88,8,1	88,8,1	120,8,1	120,8,1	88,8,1	88,8,1	120,8,1	120,8,1	120,8,1	120,8,1	120,8,1	248,8,1	248,8,1	96,8,1	88,8,1	88,8,1	88,8,1	88,8,1	88,8,1	96,8,1	96,8,1	88,8,1	72,8,1	64,8,1	56,8,1	96,8,1	104,8,1	104,8,1	56,8,1	96,8,1	88,8,1	120,8,1	144,8,1	104,8,1	104,8,1	120,8,1	144,8,1	128,8,1	112,8,1	96,8,1	96,8,1	128,8,1	96,8,1	232,8,1	192,8,1	232,8,1	192,8,1	80,8,1	184,8,1	128,8,1	96,8,1	96,8,1	104,8,1	128,8,1	176,8,1	176,8,1	96,8,1	72,8,1	160,8,1	112,8,1	96,8,1	80,8,1	96,8,1	112,8,1	96,8,1	48,8,1	112,8,1	112,8,1	112,8,1
躯体09	120,8,1	120,8,1	120,8,1	120,8,1	88,8,1	88,8,1	88,8,1	88,8,1	120,8,1	120,8,1	88,8,1	88,8,1	120,8,1	120,8,1	120,8,1	120,8,1	120,8,1	248,8,1	248,8,1	96,8,1	88,8,1	88,8,1	88,8,1	88,8,1	88,8,1	96,8,1	96,8,1	88,8,1	72,8,1	64,8,1	56,8,1	96,8,1	104,8,1	104,8,1	56,8,1	96,8,1	88,8,1	120,8,1	144,8,1	104,8,1	104,8,1	120,8,1	144,8,1	128,8,1	112,8,1	96,8,1	96,8,1	128,8,1	96,8,1	232,8,1	192,8,1	232,8,1	192,8,1	80,8,1	184,8,1	128,8,1	96,8,1	96,8,1	104,8,1	128,8,1	176,8,1	176,8,1	96,8,1	72,8,1	160,8,1	112,8,1	96,8,1	80,8,1	96,8,1	112,8,1	96,8,1	48,8,1	112,8,1	112,8,1	112,8,1
躯体10	120,8,1	120,8,1	120,8,1	120,8,1	88,8,1	88,8,1	88,8,1	88,8,1	120,8,1	120,8,1	88,8,1	88,8,1	120,8,1	120,8,1	120,8,1	120,8,1	120,8,1	248,8,1	248,8,1	96,8,1	88,8,1	88,8,1	88,8,1	88,8,1	88,8,1	96,8,1	96,8,1	88,8,1	72,8,1	64,8,1	56,8,1	96,8,1	104,8,1	104,8,1	56,8,1	96,8,1	88,8,1	120,8,1	144,8,1	104,8,1	104,8,1	120,8,1	144,8,1	128,8,1	112,8,1	96,8,1	96,8,1	128,8,1	96,8,1	232,8,1	192,8,1	232,8,1	192,8,1	80,8,1	184,8,1	128,8,1	96,8,1	96,8,1	104,8,1	128,8,1	176,8,1	176,8,1	96,8,1	72,8,1	160,8,1	112,8,1	96,8,1	80,8,1	96,8,1	112,8,1	96,8,1	48,8,1	112,8,1	112,8,1	112,8,1
躯体11	120,8,1	120,8,1	120,8,1	120,8,1	88,8,1	88,8,1	88,8,1	88,8,1	120,8,1	120,8,1	88,8,1	88,8,1	120,8,1	120,8,1	120,8,1	120,8,1	120,8,1	248,8,1	248,8,1	96,8,1	88,8,1	88,8,1	88,8,1	88,8,1	88,8,1	96,8,1	96,8,1	88,8,1	72,8,1	64,8,1	56,8,1	96,8,1	104,8,1	104,8,1	56,8,1	96,8,1	88,8,1	120,8,1	144,8,1	104,8,1	104,8,1	120,8,1	144,8,1	128,8,1	112,8,1	96,8,1	96,8,1	128,8,1	96,8,1	232,8,1	192,8,1	232,8,1	192,8,1	80,8,1	184,8,1	128,8,1	96,8,1	96,8,1	104,8,1	128,8,1	176,8,1	176,8,1	96,8,1	72,8,1	160,8,1	112,8,1	96,8,1	80,8,1	96,8,1	112,8,1	96,8,1	48,8,1	112,8,1	112,8,1	112,8,1
躯体12	120,8,1	120,8,1	120,8,1	120,8,1	88,8,1	88,8,1	88,8,1	88,8,1	120,8,1	120,8,1	88,8,1	88,8,1	120,8,1	120,8,1	120,8,1	120,8,1	120,8,1	248,8,1	248,8,1	96,8,1	88,8,1	88,8,1	88,8,1	88,8,1	88,8,1	96,8,1	96,8,1	88,8,1	72,8,1	64,8,1	56,8,1	96,8,1	104,8,1	104,8,1	56,8,1	96,8,1	88,8,1	120,8,1	144,8,1	104,8,1	104,8,1	120,8,1	144,8,1	128,8,1	112,8,1	96,8,1	96,8,1	128,8,1	96,8,1	232,8,1	192,8,1	232,8,1	192,8,1	80,8,1	184,8,1	128,8,1	96,8,1	96,8,1	104,8,1	128,8,1	176,8,1	176,8,1	96,8,1	72,8,1	160,8,1	112,8,1	96,8,1	80,8,1	96,8,1	112,8,1	96,8,1	48,8,1	112,8,1	112,8,1	112,8,1
躯体13	120,8,1	120,8,1	120,8,1	120,8,1	88,8,1	88,8,1	88,8,1	88,8,1	120,8,1	120,8,1	88,8,1	88,8,1	120,8,1	120,8,1	120,8,1	120,8,1	120,8,1	248,8,1	248,8,1	96,8,1	88,8,1	88,8,1	88,8,1	88,8,1	88,8,1	96,8,1	96,8,1	88,8,1	72,8,1	64,8,1	56,8,1	96,8,1	104,8,1	104,8,1	56,8,1	96,8,1	88,8,1	120,8,1	144,8,1	104,8,1	104,8,1	120,8,1	144,8,1	128,8,1	112,8,1	96,8,1	96,8,1	128,8,1	96,8,1	232,8,1	192,8,1	232,8,1	192,8,1	80,8,1	184,8,1	128,8,1	96,8,1	96,8,1	104,8,1	128,8,1	176,8,1	176,8,1	96,8,1	72,8,1	160,8,1	112,8,1	96,8,1	80,8,1	96,8,1	112,8,1	96,8,1	48,8,1	112,8,1	112,8,1	112,8,1
躯体14	120,8,1	120,8,1	120,8,1	120,8,1	88,8,1	88,8,1	88,8,1	88,8,1	120,8,1	120,8,1	88,8,1	88,8,1	120,8,1	120,8,1	120,8,1	120,8,1	120,8,1	248,8,1	248,8,1	96,8,1	88,8,1	88,8,1	88,8,1	88,8,1	88,8,1	96,8,1	96,8,1	88,8,1	72,8,1	64,8,1	56,8,1	96,8,1	104,8,1	104,8,1	56,8,1	96,8,1	88,8,1	120,8,1	144,8,1	104,8,1	104,8,1	120,8,1	144,8,1	128,8,1	112,8,1	96,8,1	96,8,1	128,8,1	96,8,1	232,8,1	192,8,1	232,8,1	192,8,1	80,8,1	184,8,1	128,8,1	96,8,1	96,8,1	104,8,1	128,8,1	176,8,1	176,8,1	96,8,1	72,8,1	160,8,1	112,8,1	96,8,1	80,8,1	96,8,1	112,8,1	96,8,1	48,8,1	112,8,1	112,8,1	112,8,1
躯体15	120,8,1	120,8,1	120,8,1	120,8,1	88,8,1	88,8,1	88,8,1	88,8,1	120,8,1	120,8,1	88,8,1	88,8,1	120,8,1	120,8,1	120,8,1	120,8,1	120,8,1	248,8,1	248,8,1	96,8,1	88,8,1	88,8,1	88,8,1	88,8,1	88,8,1	96,8,1	96,8,1	88,8,1	72,8,1	64,8,1	56,8,1	96,8,1	104,8,1	104,8,1	56,8,1	96,8,1	88,8,1	120,8,1	144,8,1	104,8,1	104,8,1	120,8,1	144,8,1	128,8,1	112,8,1	96,8,1	96,8,1	128,8,1	96,8,1	232,8,1	192,8,1	232,8,1	192,8,1	80,8,1	184,8,1	128,8,1	96,8,1	96,8,1	104,8,1	128,8,1	176,8,1	176,8,1	96,8,1	72,8,1	160,8,1	112,8,1	96,8,1	80,8,1	96,8,1	112,8,1	96,8,1	48,8,1	112,8,1	112,8,1	112,8,1
躯体16	120,8,1	120,8,1	120,8,1	120,8,1	88,8,1	88,8,1	88,8,1	88,8,1	120,8,1	120,8,1	88,8,1	88,8,1	120,8,1	120,8,1	120,8,1	120,8,1	120,8,1	248,8,1	248,8,1	96,8,1	88,8,1	88,8,1	88,8,1	88,8,1	88,8,1	96,8,1	96,8,1	88,8,1	72,8,1	64,8,1	56,8,1	96,8,1	104,8,1	104,8,1	56,8,1	96,8,1	88,8,1	120,8,1	144,8,1	104,8,1	104,8,1	120,8,1	144,8,1	128,8,1	112,8,1	96,8,1	96,8,1	128,8,1	96,8,1	232,8,1	192,8,1	232,8,1	192,8,1	80,8,1	184,8,1	128,8,1	96,8,1	96,8,1	104,8,1	128,8,1	176,8,1	176,8,1	96,8,1	72,8,1	160,8,1	112,8,1	96,8,1	80,8,1	96,8,1	112,8,1	96,8,1	48,8,1	112,8,1	112,8,1	112,8,1
躯体17	120,8,1	120,8,1	120,8,1	120,8,1	88,8,1	88,8,1	88,8,1	88,8,1	120,8,1	120,8,1	88,8,1	88,8,1	120,8,1	120,8,1	120,8,1	120,8,1	120,8,1	248,8,1	248,8,1	96,8,1	88,8,1	88,8,1	88,8,1	88,8,1	88,8,1	96,8,1	96,8,1	88,8,1	72,8,1	64,8,1	56,8,1	96,8,1	104,8,1	104,8,1	56,8,1	96,8,1	88,8,1	120,8,1	144,8,1	104,8,1	104,8,1	120,8,1	144,8,1	128,8,1	112,8,1	96,8,1	96,8,1	128,8,1	96,8,1	232,8,1	192,8,1	232,8,1	192,8,1	80,8,1	184,8,1	128,8,1	96,8,1	96,8,1	104,8,1	128,8,1	176,8,1	176,8,1	96,8,1	72,8,1	160,8,1	112,8,1	96,8,1	80,8,1	96,8,1	112,8,1	96,8,1	48,8,1	112,8,1	112,8,1	112,8,1
躯体18	120,8,1	120,8,1	120,8,1	120,8,1	88,8,1	88,8,1	88,8,1	88,8,1	120,8,1	120,8,1	88,8,1	88,8,1	120,8,1	120,8,1	120,8,1	120,8,1	120,8,1	248,8,1	248,8,1	96,8,1	88,8,1	88,8,1	88,8,1	88,8,1	88,8,1	96,8,1	96,8,1	88,8,1	72,8,1	64,8,1	56,8,1	96,8,1	104,8,1	104,8,1	56,8,1	96,8,1	88,8,1	120,8,1	144,8,1	104,8,1	104,8,1	120,8,1	144,8,1	128,8,1	112,8,1	96,8,1	96,8,1	128,8,1	96,8,1	232,8,1	192,8,1	232,8,1	192,8,1	80,8,1	184,8,1	128,8,1	96,8,1	96,8,1	104,8,1	128,8,1	176,8,1	176,8,1	96,8,1	72,8,1	160,8,1	112,8,1	96,8,1	80,8,1	96,8,1	112,8,1	96,8,1	48,8,1	112,8,1	112,8,1	112,8,1
躯体19	120,8,1	120,8,1	120,8,1	120,8,1	88,8,1	88,8,1	88,8,1	88,8,1	120,8,1	120,8,1	88,8,1	88,8,1	120,8,1	120,8,1	120,8,1	120,8,1	120,8,1	248,8,1	248,8,1	96,8,1	88,8,1	88,8,1	88,8,1	88,8,1	88,8,1	96,8,1	96,8,1	88,8,1	72,8,1	64,8,1	56,8,1	96,8,1	104,8,1	104,8,1	56,8,1	96,8,1	88,8,1	120,8,1	144,8,1	104,8,1	104,8,1	120,8,1	144,8,1	128,8,1	112,8,1	96,8,1	96,8,1	128,8,1	96,8,1	232,8,1	192,8,1	232,8,1	192,8,1	80,8,1	184,8,1	128,8,1	96,8,1	96,8,1	104,8,1	128,8,1	176,8,1	176,8,1	96,8,1	72,8,1	160,8,1	112,8,1	96,8,1	80,8,1	96,8,1	112,8,1	96,8,1	48,8,1	112,8,1	112,8,1	112,8,1
躯体20	120,8,1	120,8,1	120,8,1	120,8,1	88,8,1	88,8,1	88,8,1	88,8,1	120,8,1	120,8,1	88,8,1	88,8,1	120,8,1	120,8,1	120,8,1	120,8,1	120,8,1	248,8,1	248,8,1	96,8,1	88,8,1	88,8,1	88,8,1	88,8,1	88,8,1	96,8,1	96,8,1	88,8,1	72,8,1	64,8,1	56,8,1	96,8,1	104,8,1	104,8,1	56,8,1	96,8,1	88,8,1	120,8,1	144,8,1	104,8,1	104,8,1	120,8,1	144,8,1	128,8,1	112,8,1	96,8,1	96,8,1	128,8,1	96,8,1	232,8,1	192,8,1	232,8,1	192,8,1	80,8,1	184,8,1	128,8,1	96,8,1	96,8,1	104,8,1	128,8,1	176,8,1	176,8,1	96,8,1	72,8,1	160,8,1	112,8,1	96,8,1	80,8,1	96,8,1	112,8,1	96,8,1	48,8,1	112,8,1	112,8,1	112,8,1
躯体21	120,8,1	120,8,1	120,8,1	120,8,1	88,8,1	88,8,1	88,8,1	88,8,1	120,8,1	120,8,1	88,8,1	88,8,1	120,8,1	120,8,1	120,8,1	120,8,1	120,8,1	248,8,1	248,8,1	96,8,1	88,8,1	88,8,1	88,8,1	88,8,1	88,8,1	96,8,1	96,8,1	88,8,1	72,8,1	64,8,1	56,8,1	96,8,1	104,8,1	104,8,1	56,8,1	96,8,1	88,8,1	120,8,1	144,8,1	104,8,1	104,8,1	120,8,1	144,8,1	128,8,1	112,8,1	96,8,1	96,8,1	128,8,1	96,8,1	232,8,1	192,8,1	232,8,1	192,8,1	80,8,1	184,8,1	128,8,1	96,8,1	96,8,1	104,8,1	128,8,1	176,8,1	176,8,1	96,8,1	72,8,1	160,8,1	112,8,1	96,8,1	80,8,1	96,8,1	112,8,1	96,8,1	48,8,1	112,8,1	112,8,1	112,8,1
躯体22	120,8,1	120,8,1	120,8,1	120,8,1	88,8,1	88,8,1	88,8,1	88,8,1	120,8,1	120,8,1	88,8,1	88,8,1	120,8,1	120,8,1	120,8,1	120,8,1	120,8,1	248,8,1	248,8,1	96,8,1	88,8,1	88,8,1	88,8,1	88,8,1	88,8,1	96,8,1	96,8,1	88,8,1	72,8,1	64,8,1	56,8,1	96,8,1	104,8,1	104,8,1	56,8,1	96,8,1	88,8,1	120,8,1	144,8,1	104,8,1	104,8,1	120,8,1	144,8,1	128,8,1	112,8,1	96,8,1	96,8,1	128,8,1	96,8,1	232,8,1	192,8,1	232,8,1	192,8,1	80,8,1	184,8,1	128,8,1	96,8,1	96,8,1	104,8,1	128,8,1	176,8,1	176,8,1	96,8,1	72,8,1	160,8,1	112,8,1	96,8,1	80,8,1	96,8,1	112,8,1	96,8,1	48,8,1	112,8,1	112,8,1	112,8,1
躯体23	120,8,1	120,8,1	120,8,1	120,8,1	88,8,1	88,8,1	88,8,1	88,8,1	120,8,1	120,8,1	88,8,1	88,8,1	120,8,1	120,8,1	120,8,1	120,8,1	120,8,1	248,8,1	248,8,1	96,8,1	88,8,1	88,8,1	88,8,1	88,8,1	88,8,1	96,8,1	96,8,1	88,8,1	72,8,1	64,8,1	56,8,1	96,8,1	104,8,1	104,8,1	56,8,1	96,8,1	88,8,1	120,8,1	144,8,1	104,8,1	104,8,1	120,8,1	144,8,1	128,8,1	112,8,1	96,8,1	96,8,1	128,8,1	96,8,1	232,8,1	192,8,1	232,8,1	192,8,1	80,8,1	184,8,1	128,8,1	96,8,1	96,8,1	104,8,1	128,8,1	176,8,1	176,8,1	96,8,1	72,8,1	160,8,1	112,8,1	96,8,1	80,8,1	96,8,1	112,8,1	96,8,1	48,8,1	112,8,1	112,8,1	112,8,1
躯体24	120,8,1	120,8,1	120,8,1	120,8,1	88,8,1	88,8,1	88,8,1	88,8,1	120,8,1	120,8,1	88,8,1	88,8,1	120,8,1	120,8,1	120,8,1	120,8,1	120,8,1	248,8,1	248,8,1	96,8,1	88,8,1	88,8,1	88,8,1	88,8,1	88,8,1	96,8,1	96,8,1	88,8,1	72,8,1	64,8,1	56,8,1	96,8,1	104,8,1	104,8,1	56,8,1	96,8,1	88,8,1	120,8,1	144,8,1	104,8,1	104,8,1	120,8,1	144,8,1	128,8,1	112,8,1	96,8,1	96,8,1	128,8,1	96,8,1	232,8,1	192,8,1	232,8,1	192,8,1	80,8,1	184,8,1	128,8,1	96,8,1	96,8,1	104,8,1	128,8,1	176,8,1	176,8,1	96,8,1	72,8,1	160,8,1	112,8,1	96,8,1	80,8,1	96,8,1	112,8,1	96,8,1	48,8,1	112,8,1	112,8,1	112,8,1
躯体25	120,8,1	120,8,1	120,8,1	120,8,1	88,8,1	88,8,1	88,8,1	88,8,1	120,8,1	120,8,1	88,8,1	88,8,1	120,8,1	120,8,1	120,8,1	120,8,1	120,8,1	248,8,1	248,8,1	96,8,1	88,8,1	88,8,1	88,8,1	88,8,1	88,8,1	96,8,1	96,8,1	88,8,1	72,8,1	64,8,1	56,8,1	96,8,1	104,8,1	104,8,1	56,8,1	96,8,1	88,8,1	120,8,1	144,8,1	104,8,1	104,8,1	120,8,1	144,8,1	128,8,1	112,8,1	96,8,1	96,8,1	128,8,1	96,8,1	232,8,1	192,8,1	232,8,1	192,8,1	80,8,1	184,8,1	128,8,1	96,8,1	96,8,1	104,8,1	128,8,1	176,8,1	176,8,1	96,8,1	72,8,1	160,8,1	112,8,1	96,8,1	80,8,1	96,8,1	112,8,1	96,8,1	48,8,1	112,8,1	112,8,1	112,8,1
躯体26	120,8,1	120,8,1	120,8,1	120,8,1	88,8,1	88,8,1	88,8,1	88,8,1	120,8,1	120,8,1	88,8,1	88,8,1	120,8,1	120,8,1	120,8,1	120,8,1	120,8,1	248,8,1	248,8,1	96,8,1	88,8,1	88,8,1	88,8,1	88,8,1	88,8,1	96,8,1	96,8,1	88,8,1	72,8,1	64,8,1	56,8,1	96,8,1	104,8,1	104,8,1	56,8,1	96,8,1	88,8,1	120,8,1	144,8,1	104,8,1	104,8,1	120,8,1	144,8,1	128,8,1	112,8,1	96,8,1	96,8,1	128,8,1	96,8,1	232,8,1	192,8,1	232,8,1	192,8,1	80,8,1	184,8,1	128,8,1	96,8,1	96,8,1	104,8,1	128,8,1	176,8,1	176,8,1	96,8,1	72,8,1	160,8,1	112,8,1	96,8,1	80,8,1	96,8,1	112,8,1	96,8,1	48,8,1	112,8,1	112,8,1	112,8,1
躯体27	120,8,1	120,8,1	120,8,1	120,8,1	88,8,1	88,8,1	88,8,1	88,8,1	120,8,1	120,8,1	88,8,1	88,8,1	120,8,1	120,8,1	120,8,1	120,8,1	120,8,1	248,8,1	248,8,1	96,8,1	88,8,1	88,8,1	88,8,1	88,8,1	88,8,1	96,8,1	96,8,1	88,8,1	72,8,1	64,8,1	56,8,1	96,8,1	104,8,1	104,8,1	56,8,1	96,8,1	88,8,1	120,8,1	144,8,1	104,8,1	104,8,1	120,8,1	144,8,1	128,8,1	112,8,1	96,8,1	96,8,1	128,8,1	96,8,1	232,8,1	192,8,1	232,8,1	192,8,1	80,8,1	184,8,1	128,8,1	96,8,1	96,8,1	104,8,1	128,8,1	176,8,1	176,8,1	96,8,1	72,8,1	160,8,1	112,8,1	96,8,1	80,8,1	96,8,1	112,8,1	96,8,1	48,8,1	112,8,1	112,8,1	112,8,1
躯体28	120,8,1	120,8,1	120,8,1	120,8,1	88,8,1	88,8,1	88,8,1	88,8,1	120,8,1	120,8,1	88,8,1	88,8,1	120,8,1	120,8,1	120,8,1	120,8,1	120,8,1	248,8,1	248,8,1	96,8,1	88,8,1	88,8,1	88,8,1	88,8,1	88,8,1	96,8,1	96,8,1	88,8,1	72,8,1	64,8,1	56,8,1	96,8,1	104,8,1	104,8,1	56,8,1	96,8,1	88,8,1	120,8,1	144,8,1	104,8,1	104,8,1	120,8,1	144,8,1	128,8,1	112,8,1	96,8,1	96,8,1	128,8,1	96,8,1	232,8,1	192,8,1	232,8,1	192,8,1	80,8,1	184,8,1	128,8,1	96,8,1	96,8,1	104,8,1	128,8,1	176,8,1	176,8,1	96,8,1	72,8,1	160,8,1	112,8,1	96,8,1	80,8,1	96,8,1	112,8,1	96,8,1	48,8,1	112,8,1	112,8,1	112,8,1
躯体29	120,8,1	120,8,1	120,8,1	120,8,1	88,8,1	88,8,1	88,8,1	88,8,1	120,8,1	120,8,1	88,8,1	88,8,1	120,8,1	120,8,1	120,8,1	120,8,1	120,8,1	248,8,1	248,8,1	96,8,1	88,8,1	88,8,1	88,8,1	88,8,1	88,8,1	96,8,1	96,8,1	88,8,1	72,8,1	64,8,1	56,8,1	96,8,1	104,8,1	104,8,1	56,8,1	96,8,1	88,8,1	120,8,1	144,8,1	104,8,1	104,8,1	120,8,1	144,8,1	128,8,1	112,8,1	96,8,1	96,8,1	128,8,1	96,8,1	232,8,1	192,8,1	232,8,1	192,8,1	80,8,1	184,8,1	128,8,1	96,8,1	96,8,1	104,8,1	128,8,1	176,8,1	176,8,1	96,8,1	72,8,1	160,8,1	112,8,1	96,8,1	80,8,1	96,8,1	112,8,1	96,8,1	48,8,1	112,8,1	112,8,1	112,8,1
躯体30	120,8,1	120,8,1	120,8,1	120,8,1	88,8,1	88,8,1	88,8,1	88,8,1	120,8,1	120,8,1	88,8,1	88,8,1	120,8,1	120,8,1	120,8,1	120,8,1	120,8,1	248,8,1	248,8,1	96,8,1	88,8,1	88,8,1	88,8,1	88,8,1	88,8,1	96,8,1	96,8,1	88,8,1	72,8,1	64,8,1	56,8,1	96,8,1	104,8,1	104,8,1	56,8,1	96,8,1	88,8,1	120,8,1	144,8,1	104,8,1	104,8,1	120,8,1	144,8,1	128,8,1	112,8,1	96,8,1	96,8,1	128,8,1	96,8,1	232,8,1	192,8,1	232,8,1	192,8,1	80,8,1	184,8,1	128,8,1	96,8,1	96,8,1	104,8,1	128,8,1	176,8,1	176,8,1	96,8,1	72,8,1	160,8,1	112,8,1	96,8,1	80,8,1	96,8,1	112,8,1	96,8,1	48,8,1	112,8,1	112,8,1	112,8,1
躯体31	120,8,1	120,8,1	120,8,1	120,8,1	88,8,1	88,8,1	88,8,1	88,8,1	120,8,1	120,8,1	88,8,1	88,8,1	120,8,1	120,8,1	120,8,1	120,8,1	120,8,1	248,8,1	248,8,1	96,8,1	88,8,1	88,8,1	88,8,1	88,8,1	88,8,1	96,8,1	96,8,1	88,8,1	72,8,1	64,8,1	56,8,1	96,8,1	104,8,1	104,8,1	56,8,1	96,8,1	88,8,1	120,8,1	144,8,1	104,8,1	104,8,1	120,8,1	144,8,1	128,8,1	112,8,1	96,8,1	96,8,1	128,8,1	96,8,1	232,8,1	192,8,1	232,8,1	192,8,1	80,8,1	184,8,1	128,8,1	96,8,1	96,8,1	104,8,1	128,8,1	176,8,1	176,8,1	96,8,1	72,8,1	160,8,1	112,8,1	96,8,1	80,8,1	96,8,1	112,8,1	96,8,1	48,8,1	112,8,1	112,8,1	112,8,1
躯体32	120,8,1	120,8,1	120,8,1	120,8,1	88,8,1	88,8,1	88,8,1	88,8,1	120,8,1	120,8,1	88,8,1	88,8,1	120,8,1	120,8,1	120,8,1	120,8,1	120,8,1	248,8,1	248,8,1	96,8,1	88,8,1	88,8,1	88,8,1	88,8,1	88,8,1	96,8,1	96,8,1	88,8,1	72,8,1	64,8,1	56,8,1	96,8,1	104,8,1	104,8,1	56,8,1	96,8,1	88,8,1	120,8,1	144,8,1	104,8,1	104,8,1	120,8,1	144,8,1	128,8,1	112,8,1	96,8,1	96,8,1	128,8,1	96,8,1	232,8,1	192,8,1	232,8,1	192,8,1	80,8,1	184,8,1	128,8,1	96,8,1	96,8,1	104,8,1	128,8,1	176,8,1	176,8,1	96,8,1	72,8,1	160,8,1	112,8,1	96,8,1	80,8,1	96,8,1	112,8,1	96,8,1	48,8,1	112,8,1	112,8,1	112,8,1
躯体33	120,8,1	120,8,1	120,8,1	120,8,1	88,8,1	88,8,1	88,8,1	88,8,1	120,8,1	120,8,1	88,8,1	88,8,1	120,8,1	120,8,1	120,8,1	120,8,1	120,8,1	248,8,1	248,8,1	96,8,1	88,8,1	88,8,1	88,8,1	88,8,1	88,8,1	96,8,1	96,8,1	88,8,1	72,8,1	64,8,1	56,8,1	96,8,1	104,8,1	104,8,1	56,8,1	96,8,1	88,8,1	120,8,1	144,8,1	104,8,1	104,8,1	120,8,1	144,8,1	128,8,1	112,8,1	96,8,1	96,8,1	128,8,1	96,8,1	232,8,1	192,8,1	232,8,1	192,8,1	80,8,1	184,8,1	128,8,1	96,8,1	96,8,1	104,8,1	128,8,1	176,8,1	176,8,1	96,8,1	72,8,1	160,8,1	112,8,1	96,8,1	80,8,1	96,8,1	112,8,1	96,8,1	48,8,1	112,8,1	112,8,1	112,8,1
躯体34	120,8,1	120,8,1	120,8,1	120,8,1	88,8,1	88,8,1	88,8,1	88,8,1	120,8,1	120,8,1	88,8,1	88,8,1	120,8,1	120,8,1	120,8,1	120,8,1	120,8,1	248,8,1	248,8,1	96,8,1	88,8,1	88,8,1	88,8,1	88,8,1	88,8,1	96,8,1	96,8,1	88,8,1	72,8,1	64,8,1	56,8,1	96,8,1	104,8,1	104,8,1	56,8,1	96,8,1	88,8,1	120,8,1	144,8,1	104,8,1	104,8,1	120,8,1	144,8,1	128,8,1	112,8,1	96,8,1	96,8,1	128,8,1	96,8,1	232,8,1	192,8,1	232,8,1	192,8,1	80,8,1	184,8,1	128,8,1	96,8,1	96,8,1	104,8,1	128,8,1	176,8,1	176,8,1	96,8,1	72,8,1	160,8,1	112,8,1	96,8,1	80,8,1	96,8,1	112,8,1	96,8,1	48,8,1	112,8,1	112,8,1	112,8,1
躯体35	120,8,1	120,8,1	120,8,1	120,8,1	88,8,1	88,8,1	88,8,1	88,8,1	120,8,1	120,8,1	88,8,1	88,8,1	120,8,1	120,8,1	120,8,1	120,8,1	120,8,1	248,8,1	248,8,1	96,8,1	88,8,1	88,8,1	88,8,1	88,8,1	88,8,1	96,8,1	96,8,1	88,8,1	72,8,1	64,8,1	56,8,1	96,8,1	104,8,1	104,8,1	56,8,1	96,8,1	88,8,1	120,8,1	144,8,1	104,8,1	104,8,1	120,8,1	144,8,1	128,8,1	112,8,1	96,8,1	96,8,1	128,8,1	96,8,1	232,8,1	192,8,1	232,8,1	192,8,1	80,8,1	184,8,1	128,8,1	96,8,1	96,8,1	104,8,1	128,8,1	176,8,1	176,8,1	96,8,1	72,8,1	160,8,1	112,8,1	96,8,1	80,8,1	96,8,1	112,8,1	96,8,1	48,8,1	112,8,1	112,8,1	112,8,1
躯体36	120,8,1	120,8,1	120,8,1	120,8,1	88,8,1	88,8,1	88,8,1	88,8,1	120,8,1	120,8,1	88,8,1	88,8,1	120,8,1	120,8,1	120,8,1	120,8,1	120,8,1	248,8,1	248,8,1	96,8,1	88,8,1	88,8,1	88,8,1	88,8,1	88,8,1	96,8,1	96,8,1	88,8,1	72,8,1	64,8,1	56,8,1	96,8,1	104,8,1	104,8,1	56,8,1	96,8,1	88,8,1	120,8,1	144,8,1	104,8,1	104,8,1	120,8,1	144,8,1	128,8,1	112,8,1	96,8,1	96,8,1	128,8,1	96,8,1	232,8,1	192,8,1	232,8,1	192,8,1	80,8,1	184,8,1	128,8,1	96,8,1	96,8,1	104,8,1	128,8,1	176,8,1	176,8,1	96,8,1	72,8,1	160,8,1	112,8,1	96,8,1	80,8,1	96,8,1	112,8,1	96,8,1	48,8,1	112,8,1	112,8,1	112,8,1
躯体37	120,8,1	120,8,1	120,8,1	120,8,1	88,8,1	88,8,1	88,8,1	88,8,1	120,8,1	120,8,1	88,8,1	88,8,1	120,8,1	120,8,1	120,8,1	120,8,1	120,8,1	248,8,1	248,8,1	96,8,1	88,8,1	88,8,1	88,8,1	88,8,1	88,8,1	96,8,1	96,8,1	88,8,1	72,8,1	64,8,1	56,8,1	96,8,1	104,8,1	104,8,1	56,8,1	96,8,1	88,8,1	120,8,1	144,8,1	104,8,1	104,8,1	120,8,1	144,8,1	128,8,1	112,8,1	96,8,1	96,8,1	128,8,1	96,8,1	232,8,1	192,8,1	232,8,1	192,8,1	80,8,1	184,8,1	128,8,1	96,8,1	96,8,1	104,8,1	128,8,1	176,8,1	176,8,1	96,8,1	72,8,1	160,8,1	112,8,1	96,8,1	80,8,1	96,8,1	112,8,1	96,8,1	48,8,1	112,8,1	112,8,1	112,8,1
躯体38	120,8,1	120,8,1	120,8,1	120,8,1	88,8,1	88,8,1	88,8,1	88,8,1	120,8,1	120,8,1	88,8,1	88,8,1	120,8,1	120,8,1	120,8,1	120,8,1	120,8,1	248,8,1	248,8,1	96,8,1	88,8,1	88,8,1	88,8,1	88,8,1	88,8,1	96,8,1	96,8,1	88,8,1	72,8,1	64,8,1	56,8,1	96,8,1	104,8,1	104,8,1	56,8,1	96,8,1	88,8,1	120,8,1	144,8,1	104,8,1	104,8,1	120,8,1	144,8,1	128,8,1	112,8,1	96,8,1	96,8,1	128,8,1	96,8,1	232,8,1	192,8,1	232,8,1	192,8,1	80,8,1	184,8,1	128,8,1	96,8,1	96,8,1	104,8,1	128,8,1	176,8,1	176,8,1	96,8,1	72,8,1	160,8,1	112,8,1	96,8,1	80,8,1	96,8,1	112,8,1	96,8,1	48,8,1	112,8,1	112,8,1	112,8,1
躯体39	120,8,1	120,8,1	120,8,1	120,8,1	88,8,1	88,8,1	88,8,1	88,8,1	120,8,1	120,8,1	88,8,1	88,8,1	120,8,1	120,8,1	120,8,1	120,8,1	120,8,1	248,8,1	248,8,1	96,8,1	88,8,1	88,8,1	88,8,1	88,8,1	88,8,1	96,8,1	96,8,1	88,8,1	72,8,1	64,8,1	56,8,1	96,8,1	104,8,1	104,8,1	56,8,1	96,8,1	88,8,1	120,8,1	144,8,1	104,8,1	104,8,1	120,8,1	144,8,1	128,8,1	112,8,1	96,8,1	96,8,1	128,8,1	96,8,1	232,8,1	192,8,1	232,8,1	192,8,1	80,8,1	184,8,1	128,8,1	96,8,1	96,8,1	104,8,1	128,8,1	176,8,1	176,8,1	96,8,1	72,8,1	160,8,1	112,8,1	96,8,1	80,8,1	96,8,1	112,8,1	96,8,1	48,8,1	112,8,1	112,8,1	112,8,1
躯体40	120,8,1	120,8,1	120,8,1	120,8,1	88,8,1	88,8,1	88,8,1	88,8,1	120,8,1	120,8,1	88,8,1	88,8,1	120,8,1	120,8,1	120,8,1	120,8,1	120,8,1	248,8,1	248,8,1	96,8,1	88,8,1	88,8,1	88,8,1	88,8,1	88,8,1	96,8,1	96,8,1	88,8,1	72,8,1	64,8,1	56,8,1	96,8,1	104,8,1	104,8,1	56,8,1	96,8,1	88,8,1	120,8,1	144,8,1	104,8,1	104,8,1	120,8,1	144,8,1	128,8,1	112,8,1	96,8,1	96,8,1	128,8,1	96,8,1	232,8,1	192,8,1	232,8,1	192,8,1	80,8,1	184,8,1	128,8,1	96,8,1	96,8,1	104,8,1	128,8,1	176,8,1	176,8,1	96,8,1	72,8,1	160,8,1	112,8,1	96,8,1	80,8,1	96,8,1	112,8,1	96,8,1	48,8,1	112,8,1	112,8,1	112,8,1
躯体41	120,8,1	120,8,1	120,8,1	120,8,1	88,8,1	88,8,1	88,8,1	88,8,1	120,8,1	120,8,1	88,8,1	88,8,1	120,8,1	120,8,1	120,8,1	120,8,1	120,8,1	248,8,1	248,8,1	96,8,1	88,8,1	88,8,1	88,8,1	88,8,1	88,8,1	96,8,1	96,8,1	88,8,1	72,8,1	64,8,1	56,8,1	96,8,1	104,8,1	104,8,1	56,8,1	96,8,1	88,8,1	120,8,1	144,8,1	104,8,1	104,8,1	120,8,1	144,8,1	128,8,1	112,8,1	96,8,1	96,8,1	128,8,1	96,8,1	232,8,1	192,8,1	232,8,1	192,8,1	80,8,1	184,8,1	128,8,1	96,8,1	96,8,1	104,8,1	128,8,1	176,8,1	176,8,1	96,8,1	72,8,1	160,8,1	112,8,1	96,8,1	80,8,1	96,8,1	112,8,1	96,8,1	48,8,1	112,8,1	112,8,1	112,8,1
躯体42	120,8,1	120,8,1	120,8,1	120,8,1	88,8,1	88,8,1	88,8,1	88,8,1	120,8,1	120,8,1	88,8,1	88,8,1	120,8,1	120,8,1	120,8,1	120,8,1	120,8,1	248,8,1	248,8,1	96,8,1	88,8,1	88,8,1	88,8,1	88,8,1	88,8,1	96,8,1	96,8,1	88,8,1	72,8,1	64,8,1	56,8,1	96,8,1	104,8,1	104,8,1	56,8,1	96,8,1	88,8,1	120,8,1	144,8,1	104,8,1	104,8,1	120,8,1	144,8,1	128,8,1	112,8,1	96,8,1	96,8,1	128,8,1	96,8,1	232,8,1	192,8,1	232,8,1	192,8,1	80,8,1	184,8,1	128,8,1	96,8,1	96,8,1	104,8,1	128,8,1	176,8,1	176,8,1	96,8,1	72,8,1	160,8,1	112,8,1	96,8,1	80,8,1	96,8,1	112,8,1	96,8,1	48,8,1	112,8,1	112,8,1	112,8,1
躯体43	120,8,1	120,8,1							120,8,1	120,8,1	88,8,1	88,8,1						248,8,1	248,8,1	96,8,1						96,8,1	96,8,1	88,8,1	72,8,1	64,8,1	56,8,1	96,8,1	104,8,1	104,8,1	56,8,1	96,8,1	88,8,1	120,8,1	144,8,1	104,8,1	104,8,1	120,8,1	144,8,1	128,8,1	112,8,1	96,8,1	96,8,1	128,8,1	96,8,1	232,8,1	192,8,1	232,8,1	192,8,1	80,8,1	184,8,1	128,8,1	96,8,1	96,8,1	104,8,1	128,8,1	176,8,1	176,8,1	96,8,1		160,8,1	112,8,1	96,8,1	80,8,1	96,8,1	112,8,1	96,8,1	48,8,1	112,8,1	112,8,1	112,8,1
躯体44	120,8,1	120,8,1							120,8,1	120,8,1	88,8,1	88,8,1						248,8,1	248,8,1	96,8,1						96,8,1	96,8,1	88,8,1	72,8,1	64,8,1	56,8,1	96,8,1	104,8,1	104,8,1	56,8,1	96,8,1	88,8,1	120,8,1	144,8,1	104,8,1	104,8,1	120,8,1	144,8,1	128,8,1	112,8,1	96,8,1	96,8,1	128,8,1	96,8,1	232,8,1	192,8,1	232,8,1	192,8,1	80,8,1	184,8,1	128,8,1	96,8,1	96,8,1	104,8,1	128,8,1	176,8,1	176,8,1	96,8,1		160,8,1	112,8,1	96,8,1	80,8,1	96,8,1	112,8,1	96,8,1	48,8,1	112,8,1	112,8,1	112,8,1
躯体45	120,8,1	120,8,1							120,8,1	120,8,1	88,8,1	88,8,1						248,8,1	248,8,1	96,8,1						96,8,1	96,8,1	88,8,1	72,8,1	64,8,1	56,8,1	96,8,1	104,8,1	104,8,1	56,8,1	96,8,1	88,8,1	120,8,1	144,8,1	104,8,1	104,8,1	120,8,1	144,8,1	128,8,1	112,8,1	96,8,1	96,8,1	128,8,1	96,8,1	232,8,1	192,8,1	232,8,1	192,8,1	80,8,1	184,8,1	128,8,1	96,8,1	96,8,1	104,8,1	128,8,1	176,8,1	176,8,1	96,8,1		160,8,1	112,8,1	96,8,1	80,8,1	96,8,1	112,8,1	96,8,1	48,8,1	112,8,1	112,8,1	112,8,1
躯体46	120,8,1	120,8,1							120,8,1	120,8,1	88,8,1	88,8,1						248,8,1	248,8,1	96,8,1						96,8,1	96,8,1	88,8,1	72,8,1	64,8,1	56,8,1	96,8,1	104,8,1	104,8,1	56,8,1	96,8,1	88,8,1	120,8,1	144,8,1	104,8,1	104,8,1	120,8,1	144,8,1	128,8,1	112,8,1	96,8,1	96,8,1	128,8,1	96,8,1	232,8,1	192,8,1	232,8,1	192,8,1	80,8,1	184,8,1	128,8,1	96,8,1	96,8,1	104,8,1	128,8,1	176,8,1	176,8,1	96,8,1		160,8,1	112,8,1	96,8,1	80,8,1	96,8,1	112,8,1	96,8,1	48,8,1	112,8,1	112,8,1	112,8,1
躯体47	120,8,1	120,8,1	120,8,1	120,8,1	88,8,1	88,8,1	88,8,1	88,8,1	120,8,1	120,8,1	88,8,1	88,8,1	120,8,1	120,8,1	120,8,1	120,8,1	120,8,1	248,8,1	248,8,1	96,8,1	88,8,1	88,8,1	88,8,1	88,8,1	88,8,1	96,8,1	96,8,1	88,8,1	72,8,1	64,8,1	56,8,1	96,8,1	104,8,1	104,8,1	56,8,1	96,8,1	88,8,1	120,8,1	144,8,1	104,8,1	104,8,1	120,8,1	144,8,1	128,8,1	112,8,1	96,8,1	96,8,1	128,8,1	96,8,1	232,8,1	192,8,1	232,8,1	192,8,1	80,8,1	184,8,1	128,8,1	96,8,1	96,8,1	104,8,1	128,8,1	176,8,1	176,8,1	96,8,1	72,8,1	160,8,1	112,8,1	96,8,1	80,8,1	96,8,1	112,8,1	96,8,1	48,8,1	112,8,1	112,8,1	112,8,1
躯体48	120,8,1	120,8,1	120,8,1	120,8,1	88,8,1	88,8,1	88,8,1	88,8,1	120,8,1	120,8,1	88,8,1	88,8,1	120,8,1	120,8,1	120,8,1	120,8,1	120,8,1	248,8,1	248,8,1	96,8,1	88,8,1	88,8,1	88,8,1	88,8,1	88,8,1	96,8,1	96,8,1	88,8,1	72,8,1	64,8,1	56,8,1	96,8,1	104,8,1	104,8,1	56,8,1	96,8,1	88,8,1	120,8,1	144,8,1	104,8,1	104,8,1	120,8,1	144,8,1	128,8,1	112,8,1	96,8,1	96,8,1	128,8,1	96,8,1	232,8,1	192,8,1	232,8,1	192,8,1	80,8,1	184,8,1	128,8,1	96,8,1	96,8,1	104,8,1	128,8,1	176,8,1	176,8,1	96,8,1	72,8,1	160,8,1	112,8,1	96,8,1	80,8,1	96,8,1	112,8,1	96,8,1	48,8,1	112,8,1	112,8,1	112,8,1
躯体49	120,8,1	120,8,1	120,8,1	120,8,1	88,8,1	88,8,1	88,8,1	88,8,1	120,8,1	120,8,1	88,8,1	88,8,1	120,8,1	120,8,1	120,8,1	120,8,1	120,8,1	248,8,1	248,8,1	96,8,1	88,8,1	88,8,1	88,8,1	88,8,1	88,8,1	96,8,1	96,8,1	88,8,1	72,8,1	64,8,1	56,8,1	96,8,1	104,8,1	104,8,1	56,8,1	96,8,1	88,8,1	120,8,1	144,8,1	104,8,1	104,8,1	120,8,1	144,8,1	128,8,1	112,8,1	96,8,1	96,8,1	128,8,1	96,8,1	232,8,1	192,8,1	232,8,1	192,8,1	80,8,1	184,8,1	128,8,1	96,8,1	96,8,1	104,8,1	128,8,1	176,8,1	176,8,1	96,8,1	72,8,1	160,8,1	112,8,1	96,8,1	80,8,1	96,8,1	112,8,1	96,8,1	48,8,1	112,8,1	112,8,1	112,8,1
躯体50	120,8,1	120,8,1	120,8,1	120,8,1	88,8,1	88,8,1	88,8,1	88,8,1	120,8,1	120,8,1	88,8,1	88,8,1	120,8,1	120,8,1	120,8,1	120,8,1	120,8,1	248,8,1	248,8,1	96,8,1	88,8,1	88,8,1	88,8,1	88,8,1	88,8,1	96,8,1	96,8,1	88,8,1	72,8,1	64,8,1	56,8,1	96,8,1	104,8,1	104,8,1	56,8,1	96,8,1	88,8,1	120,8,1	144,8,1	104,8,1	104,8,1	120,8,1	144,8,1	128,8,1	112,8,1	96,8,1	96,8,1	128,8,1	96,8,1	232,8,1	192,8,1	232,8,1	192,8,1	80,8,1	184,8,1	128,8,1	96,8,1	96,8,1	104,8,1	128,8,1	176,8,1	176,8,1	96,8,1	72,8,1	160,8,1	112,8,1	96,8,1	80,8,1	96,8,1	112,8,1	96,8,1	48,8,1	112,8,1	112,8,1	112,8,1
躯体51	120,8,1	120,8,1	120,8,1	120,8,1	88,8,1	88,8,1	88,8,1	88,8,1	120,8,1	120,8,1	88,8,1	88,8,1	120,8,1	120,8,1	120,8,1	120,8,1	120,8,1	248,8,1	248,8,1	96,8,1	88,8,1	88,8,1	88,8,1	88,8,1	88,8,1	96,8,1	96,8,1	88,8,1	72,8,1	64,8,1	56,8,1	96,8,1	104,8,1	104,8,1	56,8,1	96,8,1	88,8,1	120,8,1	144,8,1	104,8,1	104,8,1	120,8,1	144,8,1	128,8,1	112,8,1	96,8,1	96,8,1	128,8,1	96,8,1	232,8,1	192,8,1	232,8,1	192,8,1	80,8,1	184,8,1	128,8,1	96,8,1	96,8,1	104,8,1	128,8,1	176,8,1	176,8,1	96,8,1	72,8,1	160,8,1	112,8,1	96,8,1	80,8,1	96,8,1	112,8,1	96,8,1	48,8,1	112,8,1	112,8,1	112,8,1
躯体52	120,8,1	120,8,1	120,8,1	120,8,1	88,8,1	88,8,1	88,8,1	88,8,1	120,8,1	120,8,1	88,8,1	88,8,1	120,8,1	120,8,1	120,8,1	120,8,1	120,8,1	248,8,1	248,8,1	96,8,1	88,8,1	88,8,1	88,8,1	88,8,1	88,8,1	96,8,1	96,8,1	88,8,1	72,8,1	64,8,1	56,8,1	96,8,1	104,8,1	104,8,1	56,8,1	96,8,1	88,8,1	120,8,1	144,8,1	104,8,1	104,8,1	120,8,1	144,8,1	128,8,1	112,8,1	96,8,1	96,8,1	128,8,1	96,8,1	232,8,1	192,8,1	232,8,1	192,8,1	80,8,1	184,8,1	128,8,1	96,8,1	96,8,1	104,8,1	128,8,1	176,8,1	176,8,1	96,8,1	72,8,1	160,8,1	112,8,1	96,8,1	80,8,1	96,8,1	112,8,1	96,8,1	48,8,1	112,8,1	112,8,1	112,8,1
躯体53	120,8,1	120,8,1	120,8,1	120,8,1	88,8,1	88,8,1	88,8,1	88,8,1	120,8,1	120,8,1	88,8,1	88,8,1	120,8,1	120,8,1	120,8,1	120,8,1	120,8,1	248,8,1	248,8,1	96,8,1	88,8,1	88,8,1	88,8,1	88,8,1	88,8,1	96,8,1	96,8,1	88,8,1	72,8,1	64,8,1	56,8,1	96,8,1	104,8,1	104,8,1	56,8,1	96,8,1	88,8,1	120,8,1	144,8,1	104,8,1	104,8,1	120,8,1	144,8,1	128,8,1	112,8,1	96,8,1	96,8,1	128,8,1	96,8,1	232,8,1	192,8,1	232,8,1	192,8,1	80,8,1	184,8,1	128,8,1	96,8,1	96,8,1	104,8,1	128,8,1	176,8,1	176,8,1	96,8,1	72,8,1	160,8,1	112,8,1	96,8,1	80,8,1	96,8,1	112,8,1	96,8,1	48,8,1	112,8,1	112,8,1	112,8,1
躯体54	120,8,1	120,8,1	120,8,1	120,8,1	88,8,1	88,8,1	88,8,1	88,8,1	120,8,1	120,8,1	88,8,1	88,8,1	120,8,1	120,8,1	120,8,1	120,8,1	120,8,1	248,8,1	248,8,1	96,8,1	88,8,1	88,8,1	88,8,1	88,8,1	88,8,1	96,8,1	96,8,1	88,8,1	72,8,1	64,8,1	56,8,1	96,8,1	104,8,1	104,8,1	56,8,1	96,8,1	88,8,1	120,8,1	144,8,1	104,8,1	104,8,1	120,8,1	144,8,1	128,8,1	112,8,1	96,8,1	96,8,1	128,8,1	96,8,1	232,8,1	192,8,1	232,8,1	192,8,1	80,8,1	184,8,1	128,8,1	96,8,1	96,8,1	104,8,1	128,8,1	176,8,1	176,8,1	96,8,1	72,8,1	160,8,1	112,8,1	96,8,1	80,8,1	96,8,1	112,8,1	96,8,1	48,8,1	112,8,1	112,8,1	112,8,1
躯体55	120,8,1	120,8,1	120,8,1	120,8,1	88,8,1	88,8,1	88,8,1	88,8,1	120,8,1	120,8,1	88,8,1	88,8,1	120,8,1	120,8,1	120,8,1	120,8,1	120,8,1	248,8,1	248,8,1	96,8,1	88,8,1	88,8,1	88,8,1	88,8,1	88,8,1	96,8,1	96,8,1	88,8,1	72,8,1	64,8,1	48,8,1	104,8,1	104,8,1	104,8,1	56,8,1	96,8,1	88,8,1	120,8,1	144,8,1	104,8,1	104,8,1	120,8,1	144,8,1	128,8,1	112,8,1	96,8,1	104,8,1	136,8,1	96,8,1	232,8,1	192,8,1	232,8,1	192,8,1	80,8,1	184,8,1	128,8,1	96,8,1	96,8,1	104,8,1	128,8,1	176,8,1	176,8,1	96,8,1	72,8,1	160,8,1	112,8,1	96,8,1	80,8,1	96,8,1	112,8,1	104,8,1	48,8,1	112,8,1	112,8,1	112,8,1
躯体56	120,8,1	120,8,1	120,8,1	120,8,1	88,8,1	88,8,1	88,8,1	88,8,1	120,8,1	120,8,1	88,8,1	88,8,1	120,8,1	120,8,1	120,8,1	120,8,1	120,8,1	248,8,1	248,8,1	96,8,1	88,8,1	88,8,1	88,8,1	88,8,1	88,8,1	96,8,1	96,8,1	88,8,1	72,8,1	64,8,1	48,8,1	104,8,1	104,8,1	104,8,1	56,8,1	96,8,1	88,8,1	120,8,1	144,8,1	104,8,1	104,8,1	120,8,1	144,8,1	128,8,1	112,8,1	96,8,1	96,8,1	128,8,1	96,8,1	232,8,1	192,8,1	232,8,1	192,8,1	80,8,1	184,8,1	128,8,1	96,8,1	96,8,1	104,8,1	128,8,1	176,8,1	176,8,1	96,8,1	72,8,1	160,8,1	112,8,1	96,8,1	80,8,1	96,8,1	112,8,1	104,8,1	48,8,1	112,8,1	112,8,1	112,8,1
躯体57	120,8,1	120,8,1							120,8,1	120,8,1	88,8,1	88,8,1						248,8,1	248,8,1	96,8,1						96,8,1	96,8,1	88,8,1					104,8,1	104,8,1	56,8,1					104,8,1	104,8,1	120,8,1								232,8,1	192,8,1	232,8,1	192,8,1	80,8,1	184,8,1						176,8,1	176,8,1	96,8,1												
躯体58	120,8,1	120,8,1							120,8,1	120,8,1	88,8,1	88,8,1						248,8,1	248,8,1	96,8,1						96,8,1	96,8,1	88,8,1					104,8,1	104,8,1	56,8,1					104,8,1	104,8,1	120,8,1								232,8,1	192,8,1	232,8,1	192,8,1	80,8,1	184,8,1						176,8,1	176,8,1	96,8,1												
躯体59	120,8,1	120,8,1	120,8,1	120,8,1	88,8,1	88,8,1	88,8,1	88,8,1	120,8,1	120,8,1	88,8,1	88,8,1	120,8,1	120,8,1	120,8,1	120,8,1	120,8,1	248,8,1	248,8,1	96,8,1	88,8,1	88,8,1	88,8,1	88,8,1	88,8,1	96,8,1	96,8,1	88,8,1	72,8,1	64,8,1	48,8,1	96,8,1	104,8,1	104,8,1	56,8,1	96,8,1	88,8,1	120,8,1	144,8,1	104,8,1	104,8,1	120,8,1	144,8,1	128,8,1	112,8,1	96,8,1	96,8,1	128,8,1	96,8,1	232,8,1	192,8,1	232,8,1	192,8,1	80,8,1	184,8,1	128,8,1	96,8,1	96,8,1	104,8,1	128,8,1	176,8,1	176,8,1	96,8,1	72,8,1	160,8,1	112,8,1	96,8,1	80,8,1	96,8,1	112,8,1	104,8,1	48,8,1	112,8,1	112,8,1	112,8,1
躯体60	120,8,1	120,8,1	120,8,1	120,8,1	88,8,1	88,8,1	88,8,1	88,8,1	120,8,1	120,8,1	88,8,1	88,8,1	120,8,1	120,8,1	120,8,1	120,8,1	120,8,1	248,8,1	248,8,1	96,8,1	88,8,1	88,8,1	88,8,1	88,8,1	88,8,1	96,8,1	96,8,1	88,8,1	72,8,1	64,8,1	48,8,1	96,8,1	104,8,1	104,8,1	56,8,1	96,8,1	88,8,1	120,8,1	144,8,1	104,8,1	104,8,1	120,8,1	144,8,1	128,8,1	112,8,1	96,8,1	96,8,1	128,8,1	96,8,1	232,8,1	192,8,1	232,8,1	192,8,1	80,8,1	184,8,1	128,8,1	96,8,1	96,8,1	104,8,1	128,8,1	176,8,1	176,8,1	96,8,1	72,8,1	160,8,1	112,8,1	96,8,1	80,8,1	96,8,1	112,8,1	96,8,1	48,8,1	112,8,1	112,8,1	112,8,1
躯体61	120,8,1	120,8,1	120,8,1	120,8,1	88,8,1	88,8,1	88,8,1	88,8,1	120,8,1	120,8,1	88,8,1	88,8,1	120,8,1	120,8,1	120,8,1	120,8,1	120,8,1	248,8,1	248,8,1	96,8,1	88,8,1	88,8,1	88,8,1	88,8,1	88,8,1	96,8,1	96,8,1	88,8,1	72,8,1	64,8,1	48,8,1	96,8,1	104,8,1	104,8,1	56,8,1	96,8,1	88,8,1	120,8,1	144,8,1	104,8,1	104,8,1	120,8,1	144,8,1	128,8,1	112,8,1	96,8,1	96,8,1	128,8,1	96,8,1	232,8,1	192,8,1	232,8,1	192,8,1	80,8,1	184,8,1	128,8,1	96,8,1	96,8,1	104,8,1	128,8,1	176,8,1	176,8,1	96,8,1	72,8,1	160,8,1	112,8,1	96,8,1	80,8,1	96,8,1	112,8,1	104,8,1	48,8,1	112,8,1	112,8,1	112,8,1
躯体62	120,8,1	120,8,1	120,8,1	120,8,1	88,8,1	88,8,1	88,8,1	88,8,1	120,8,1	120,8,1	88,8,1	88,8,1	120,8,1	120,8,1	120,8,1	120,8,1	120,8,1	248,8,1	248,8,1	96,8,1	88,8,1	88,8,1	88,8,1	88,8,1	88,8,1	96,8,1	96,8,1	88,8,1	72,8,1	64,8,1	56,8,1	96,8,1	104,8,1	104,8,1	56,8,1	96,8,1	88,8,1	120,8,1	144,8,1	104,8,1	104,8,1	120,8,1	144,8,1	128,8,1	112,8,1	96,8,1	96,8,1	128,8,1	96,8,1	232,8,1	192,8,1	232,8,1	192,8,1	80,8,1	184,8,1	128,8,1	96,8,1	96,8,1	104,8,1	128,8,1	176,8,1	176,8,1	96,8,1	72,8,1	160,8,1	112,8,1	96,8,1	80,8,1	96,8,1	112,8,1	96,8,1	48,8,1	112,8,1	112,8,1	112,8,1
躯体63	120,8,1	120,8,1	120,8,1	120,8,1	88,8,1	88,8,1	88,8,1	88,8,1	120,8,1	120,8,1	88,8,1	88,8,1	120,8,1	120,8,1	120,8,1	120,8,1	120,8,1	248,8,1	248,8,1	96,8,1	88,8,1	88,8,1	88,8,1	88,8,1	88,8,1	96,8,1	96,8,1	88,8,1	72,8,1	64,8,1	56,8,1	96,8,1	104,8,1	104,8,1	56,8,1	96,8,1	88,8,1	120,8,1	144,8,1	104,8,1	104,8,1	120,8,1	144,8,1	128,8,1	112,8,1	96,8,1	96,8,1	128,8,1	96,8,1	232,8,1	192,8,1	232,8,1	192,8,1	80,8,1	184,8,1	128,8,1	96,8,1	96,8,1	104,8,1	128,8,1	176,8,1	176,8,1	96,8,1	72,8,1	160,8,1	112,8,1	96,8,1	80,8,1	96,8,1	112,8,1	96,8,1	48,8,1	112,8,1	112,8,1	112,8,1
躯体64	120,8,1	120,8,1	120,8,1	120,8,1	88,8,1	88,8,1	88,8,1	88,8,1	120,8,1	120,8,1	88,8,1	88,8,1	120,8,1	120,8,1	120,8,1	120,8,1	120,8,1	248,8,1	248,8,1	96,8,1	88,8,1	88,8,1	88,8,1	88,8,1	88,8,1	96,8,1	96,8,1	88,8,1	72,8,1	64,8,1	56,8,1	96,8,1	104,8,1	104,8,1	56,8,1	96,8,1	88,8,1	120,8,1	144,8,1	104,8,1	104,8,1	120,8,1	144,8,1	128,8,1	112,8,1	96,8,1	96,8,1	128,8,1	96,8,1	232,8,1	192,8,1	232,8,1	192,8,1	80,8,1	184,8,1	128,8,1	96,8,1	96,8,1	104,8,1	128,8,1	176,8,1	176,8,1	96,8,1	72,8,1	160,8,1	112,8,1	96,8,1	80,8,1	96,8,1	112,8,1	96,8,1	48,8,1	112,8,1	112,8,1	112,8,1
躯体65	120,8,1	120,8,1	120,8,1	120,8,1	88,8,1	88,8,1	88,8,1	88,8,1	120,8,1	120,8,1	88,8,1	88,8,1	120,8,1	120,8,1	120,8,1	120,8,1	120,8,1	248,8,1	248,8,1	96,8,1	88,8,1	88,8,1	88,8,1	88,8,1	88,8,1	96,8,1	96,8,1	88,8,1	72,8,1	64,8,1	56,8,1	96,8,1	104,8,1	104,8,1	56,8,1	96,8,1	88,8,1	120,8,1	144,8,1	104,8,1	104,8,1	120,8,1	144,8,1	128,8,1	112,8,1	96,8,1	96,8,1	128,8,1	96,8,1	232,8,1	192,8,1	232,8,1	192,8,1	80,8,1	184,8,1	128,8,1	96,8,1	96,8,1	104,8,1	128,8,1	176,8,1	176,8,1	96,8,1	72,8,1	160,8,1	112,8,1	96,8,1	80,8,1	96,8,1	112,8,1	96,8,1	48,8,1	112,8,1	112,8,1	112,8,1
躯体66	120,8,1	120,8,1	120,8,1	120,8,1	88,8,1	88,8,1	88,8,1	88,8,1	120,8,1	120,8,1	88,8,1	88,8,1	120,8,1	120,8,1	120,8,1	120,8,1	120,8,1	248,8,1	248,8,1	96,8,1	88,8,1	88,8,1	88,8,1	88,8,1	88,8,1	96,8,1	96,8,1	88,8,1	72,8,1	64,8,1	56,8,1	96,8,1	104,8,1	104,8,1	56,8,1	96,8,1	88,8,1	120,8,1	144,8,1	104,8,1	104,8,1	120,8,1	144,8,1	128,8,1	112,8,1	96,8,1	96,8,1	128,8,1	96,8,1	232,8,1	192,8,1	232,8,1	192,8,1	80,8,1	184,8,1	128,8,1	96,8,1	96,8,1	104,8,1	128,8,1	176,8,1	176,8,1	96,8,1	72,8,1	160,8,1	112,8,1	96,8,1	80,8,1	96,8,1	112,8,1	96,8,1	48,8,1	112,8,1	112,8,1	112,8,1
躯体67	120,8,1	120,8,1	120,8,1	120,8,1	88,8,1	88,8,1	88,8,1	88,8,1	120,8,1	120,8,1	88,8,1	88,8,1	120,8,1	120,8,1	120,8,1	120,8,1	120,8,1	248,8,1	248,8,1	96,8,1	88,8,1	88,8,1	88,8,1	88,8,1	88,8,1	96,8,1	96,8,1	88,8,1	72,8,1	64,8,1	56,8,1	96,8,1	104,8,1	104,8,1	56,8,1	96,8,1	88,8,1	120,8,1	144,8,1	104,8,1	104,8,1	120,8,1	144,8,1	128,8,1	112,8,1	96,8,1	96,8,1	128,8,1	96,8,1	232,8,1	192,8,1	232,8,1	192,8,1	80,8,1	184,8,1	128,8,1	96,8,1	96,8,1	104,8,1	128,8,1	176,8,1	176,8,1	96,8,1	72,8,1	160,8,1	112,8,1	96,8,1	80,8,1	96,8,1	120,8,1	96,8,1	48,8,1	112,8,1	112,8,1	112,8,1
躯体68	120,8,1	120,8,1	120,8,1	120,8,1	88,8,1	88,8,1	88,8,1	88,8,1	120,8,1	120,8,1	88,8,1	88,8,1	120,8,1	120,8,1	120,8,1	120,8,1	120,8,1	248,8,1	248,8,1	96,8,1	88,8,1	88,8,1	88,8,1	88,8,1	88,8,1	96,8,1	96,8,1	88,8,1	72,8,1	64,8,1	56,8,1	96,8,1	104,8,1	104,8,1	56,8,1	96,8,1	88,8,1	120,8,1	144,8,1	104,8,1	104,8,1	120,8,1	144,8,1	128,8,1	112,8,1	96,8,1	96,8,1	128,8,1	96,8,1	232,8,1	192,8,1	232,8,1	192,8,1	80,8,1	184,8,1	128,8,1	96,8,1	96,8,1	104,8,1	128,8,1	176,8,1	176,8,1	96,8,1	72,8,1	160,8,1	120,8,1	96,8,1	80,8,1	104,8,1	120,8,1	96,8,1	48,8,1	112,8,1	120,8,1	120,8,1
躯体69	120,8,1	120,8,1	120,8,1	120,8,1	88,8,1	88,8,1	88,8,1	88,8,1	120,8,1	120,8,1	88,8,1	88,8,1	120,8,1	120,8,1	120,8,1	120,8,1	120,8,1	248,8,1	248,8,1	96,8,1	88,8,1	88,8,1	88,8,1	88,8,1	88,8,1	96,8,1	96,8,1	88,8,1	72,8,1	64,8,1	56,8,1	96,8,1	104,8,1	104,8,1	56,8,1	96,8,1	88,8,1	120,8,1	144,8,1	104,8,1	104,8,1	120,8,1	144,8,1	128,8,1	112,8,1	96,8,1	96,8,1	128,8,1	96,8,1	232,8,1	192,8,1	232,8,1	192,8,1	80,8,1	184,8,1	128,8,1	96,8,1	96,8,1	104,8,1	128,8,1	176,8,1	176,8,1	96,8,1	72,8,1	160,8,1	112,8,1	96,8,1	80,8,1	96,8,1	112,8,1	96,8,1	48,8,1	112,8,1	112,8,1	112,8,1
躯体70	120,8,1	120,8,1	120,8,1	120,8,1	88,8,1	88,8,1	88,8,1	88,8,1	120,8,1	120,8,1	88,8,1	88,8,1	120,8,1	120,8,1	120,8,1	120,8,1	120,8,1	248,8,1	248,8,1	96,8,1	88,8,1	88,8,1	88,8,1	88,8,1	88,8,1	96,8,1	96,8,1	88,8,1	72,8,1	64,8,1	56,8,1	96,8,1	104,8,1	104,8,1	56,8,1	96,8,1	88,8,1	120,8,1	144,8,1	104,8,1	104,8,1	120,8,1	144,8,1	128,8,1	112,8,1	96,8,1	96,8,1	128,8,1	96,8,1	232,8,1	192,8,1	232,8,1	192,8,1	80,8,1	184,8,1	128,8,1	96,8,1	96,8,1	104,8,1	128,8,1	176,8,1	176,8,1	96,8,1	72,8,1	160,8,1	112,8,1	96,8,1	80,8,1	96,8,1	112,8,1	96,8,1	48,8,1	112,8,1	112,8,1	112,8,1
躯体71	120,8,1	120,8,1	120,8,1	120,8,1	88,8,1	88,8,1	88,8,1	88,8,1	120,8,1	120,8,1	88,8,1	88,8,1	120,8,1	120,8,1	120,8,1	120,8,1	120,8,1	248,8,1	248,8,1	96,8,1	88,8,1	88,8,1	88,8,1	88,8,1	88,8,1	96,8,1	96,8,1	88,8,1	72,8,1	64,8,1	56,8,1	96,8,1	104,8,1	104,8,1	56,8,1	96,8,1	88,8,1	120,8,1	144,8,1	104,8,1	104,8,1	120,8,1	144,8,1	128,8,1	112,8,1	96,8,1	96,8,1	128,8,1	96,8,1	232,8,1	192,8,1	232,8,1	192,8,1	80,8,1	184,8,1	128,8,1	96,8,1	96,8,1	104,8,1	128,8,1	176,8,1	176,8,1	96,8,1	72,8,1	160,8,1	112,8,1	96,8,1	80,8,1	96,8,1	112,8,1	96,8,1	48,8,1	112,8,1	112,8,1	112,8,1
躯体72	120,8,1	120,8,1	120,8,1	120,8,1	88,8,1	88,8,1	88,8,1	88,8,1	120,8,1	120,8,1	88,8,1	88,8,1	120,8,1	120,8,1	120,8,1	120,8,1	120,8,1	248,8,1	248,8,1	96,8,1	88,8,1	88,8,1	88,8,1	88,8,1	88,8,1	96,8,1	96,8,1	88,8,1	72,8,1	64,8,1	56,8,1	96,8,1	104,8,1	104,8,1	56,8,1	96,8,1	88,8,1	120,8,1	144,8,1	104,8,1	104,8,1	120,8,1	144,8,1	128,8,1	112,8,1	96,8,1	96,8,1	128,8,1	96,8,1	232,8,1	192,8,1	232,8,1	192,8,1	80,8,1	184,8,1	128,8,1	96,8,1	96,8,1	104,8,1	128,8,1	176,8,1	176,8,1	96,8,1	72,8,1	160,8,1	112,8,1	96,8,1	80,8,1	96,8,1	112,8,1	96,8,1	48,8,1	112,8,1	112,8,1	112,8,1
躯体73	120,8,1	120,8,1							120,8,1	120,8,1	88,8,1	88,8,1						248,8,1	248,8,1	96,8,1						96,8,1	96,8,1	88,8,1					104,8,1	104,8,1	56,8,1					104,8,1	104,8,1	120,8,1								232,8,1	192,8,1	232,8,1	192,8,1	80,8,1	184,8,1						176,8,1	176,8,1	96,8,1												
躯体74	120,8,1	120,8,1							120,8,1	120,8,1	88,8,1	88,8,1						248,8,1	248,8,1	96,8,1						96,8,1	96,8,1	88,8,1					104,8,1	104,8,1	56,8,1					104,8,1	104,8,1	120,8,1								232,8,1	192,8,1	232,8,1	192,8,1	80,8,1	184,8,1						176,8,1	176,8,1	96,8,1												
躯体75	120,8,1	120,8,1	120,8,1	120,8,1	88,8,1	88,8,1	88,8,1	88,8,1	120,8,1	120,8,1	88,8,1	88,8,1	120,8,1	120,8,1	120,8,1	120,8,1	120,8,1	248,8,1	248,8,1	96,8,1	88,8,1	88,8,1	88,8,1	88,8,1	88,8,1	96,8,1	96,8,1	88,8,1	72,8,1	64,8,1	56,8,1	96,8,1	104,8,1	104,8,1	56,8,1	96,8,1	88,8,1	120,8,1	144,8,1	104,8,1	104,8,1	120,8,1	144,8,1	128,8,1	112,8,1	96,8,1	96,8,1	128,8,1	96,8,1	232,8,1	192,8,1	232,8,1	192,8,1	80,8,1	184,8,1	128,8,1	96,8,1	96,8,1	104,8,1	128,8,1	176,8,1	176,8,1	96,8,1	72,8,1	160,8,1	112,8,1	96,8,1	80,8,1	96,8,1	112,8,1	96,8,1	48,8,1	120,8,1	112,8,1	112,8,1
躯体76	120,8,1	120,8,1	120,8,1	120,8,1	88,8,1	88,8,1	88,8,1	88,8,1	120,8,1	120,8,1	88,8,1	88,8,1	120,8,1	120,8,1	120,8,1	120,8,1	120,8,1	248,8,1	248,8,1	96,8,1	88,8,1	88,8,1	88,8,1	88,8,1	88,8,1	96,8,1	96,8,1	88,8,1	72,8,1	64,8,1	56,8,1	96,8,1	104,8,1	104,8,1	56,8,1	96,8,1	88,8,1	120,8,1	144,8,1	104,8,1	104,8,1	120,8,1	144,8,1	128,8,1	112,8,1	96,8,1	96,8,1	128,8,1	96,8,1	232,8,1	192,8,1	232,8,1	192,8,1	80,8,1	184,8,1	128,8,1	96,8,1	96,8,1	104,8,1	128,8,1	176,8,1	176,8,1	96,8,1	72,8,1	160,8,1	112,8,1	96,8,1	80,8,1	96,8,1	112,8,1	96,8,1	48,8,1	112,8,1	112,8,1	112,8,1
躯体77	120,8,1	120,8,1	120,8,1	120,8,1	88,8,1	88,8,1	88,8,1	88,8,1	120,8,1	120,8,1	88,8,1	88,8,1	120,8,1	120,8,1	120,8,1	120,8,1	120,8,1	248,8,1	248,8,1	96,8,1	88,8,1	88,8,1	88,8,1	88,8,1	88,8,1	96,8,1	96,8,1	88,8,1	72,8,1	64,8,1	56,8,1	96,8,1	104,8,1	104,8,1	56,8,1	96,8,1	88,8,1	120,8,1	144,8,1	104,8,1	104,8,1	120,8,1	144,8,1	128,8,1	112,8,1	96,8,1	96,8,1	128,8,1	96,8,1	232,8,1	192,8,1	232,8,1	192,8,1	80,8,1	184,8,1	128,8,1	96,8,1	96,8,1	104,8,1	128,8,1	176,8,1	176,8,1	96,8,1	72,8,1	160,8,1	112,8,1	96,8,1	80,8,1	96,8,1	112,8,1	96,8,1	48,8,1	120,8,1	112,8,1	112,8,1
躯体78	120,8,1	120,8,1	120,8,1	120,8,1	88,8,1	88,8,1	88,8,1	88,8,1	120,8,1	120,8,1	88,8,1	88,8,1	120,8,1	120,8,1	120,8,1	120,8,1	120,8,1	248,8,1	248,8,1	96,8,1	88,8,1	88,8,1	88,8,1	88,8,1	88,8,1	96,8,1	96,8,1	88,8,1	72,8,1	64,8,1	56,8,1	96,8,1	104,8,1	104,8,1	56,8,1	96,8,1	88,8,1	120,8,1	144,8,1	104,8,1	104,8,1	120,8,1	144,8,1	128,8,1	112,8,1	96,8,1	96,8,1	128,8,1	96,8,1	232,8,1	192,8,1	232,8,1	192,8,1	80,8,1	184,8,1	128,8,1	96,8,1	96,8,1	104,8,1	128,8,1	176,8,1	176,8,1	96,8,1	72,8,1	160,8,1	112,8,1	96,8,1	80,8,1	96,8,1	112,8,1	96,8,1	48,8,1	112,8,1	112,8,1	112,8,1
躯体79	120,8,1	120,8,1	120,8,1	120,8,1	88,8,1	88,8,1	88,8,1	88,8,1	120,8,1	120,8,1	88,8,1	88,8,1	120,8,1	120,8,1	120,8,1	120,8,1	120,8,1	248,8,1	248,8,1	96,8,1	88,8,1	88,8,1	88,8,1	88,8,1	88,8,1	96,8,1	96,8,1	88,8,1	72,8,1	64,8,1	56,8,1	96,8,1	104,8,1	104,8,1	56,8,1	96,8,1	88,8,1	120,8,1	144,8,1	104,8,1	104,8,1	120,8,1	144,8,1	128,8,1	112,8,1	96,8,1	96,8,1	128,8,1	96,8,1	232,8,1	192,8,1	232,8,1	192,8,1	80,8,1	184,8,1	128,8,1	96,8,1	96,8,1	104,8,1	128,8,1	176,8,1	176,8,1	96,8,1	72,8,1	160,8,1	112,8,1	96,8,1	80,8,1	96,8,1	112,8,1	96,8,1	48,8,1	112,8,1	112,8,1	112,8,1
躯体80	120,8,1	120,8,1	120,8,1	120,8,1	88,8,1	88,8,1	88,8,1	88,8,1	120,8,1	120,8,1	88,8,1	88,8,1	120,8,1	120,8,1	120,8,1	120,8,1	120,8,1	248,8,1	248,8,1	96,8,1	88,8,1	88,8,1	88,8,1	88,8,1	88,8,1	96,8,1	96,8,1	88,8,1	72,8,1	64,8,1	56,8,1	96,8,1	104,8,1	104,8,1	56,8,1	96,8,1	88,8,1	120,8,1	144,8,1	104,8,1	104,8,1	120,8,1	144,8,1	128,8,1	112,8,1	96,8,1	96,8,1	128,8,1	96,8,1	232,8,1	192,8,1	232,8,1	192,8,1	80,8,1	184,8,1	128,8,1	96,8,1	96,8,1	104,8,1	128,8,1	176,8,1	176,8,1	96,8,1	72,8,1	160,8,1	112,8,1	96,8,1	80,8,1	96,8,1	112,8,1	96,8,1	48,8,1	112,8,1	112,8,1	112,8,1
躯体81	120,8,1	120,8,1	120,8,1	120,8,1	88,8,1	88,8,1	88,8,1	88,8,1	120,8,1	120,8,1	88,8,1	88,8,1	120,8,1	120,8,1	120,8,1	120,8,1	120,8,1	248,8,1	248,8,1	96,8,1	88,8,1	88,8,1	88,8,1	88,8,1	88,8,1	96,8,1	96,8,1	88,8,1	72,8,1	64,8,1	56,8,1	96,8,1	104,8,1	104,8,1	56,8,1	96,8,1	88,8,1	120,8,1	144,8,1	104,8,1	104,8,1	120,8,1	144,8,1	128,8,1	112,8,1	96,8,1	96,8,1	128,8,1	96,8,1	232,8,1	192,8,1	232,8,1	192,8,1	80,8,1	184,8,1	128,8,1	96,8,1	96,8,1	104,8,1	128,8,1	176,8,1	176,8,1	96,8,1	72,8,1	160,8,1	112,8,1	96,8,1	80,8,1	96,8,1	112,8,1	96,8,1	48,8,1	112,8,1	112,8,1	112,8,1
月阙之重劫僧帽	120,8,1	120,8,1	120,8,1	120,8,1	88,8,1	88,8,1	88,8,1	88,8,1	120,8,1	120,8,1	88,8,1	88,8,1	120,8,1	120,8,1	120,8,1	120,8,1	120,8,1	248,8,1	248,8,1	96,8,1	88,8,1	88,8,1	88,8,1	88,8,1	88,8,1	96,8,1	96,8,1	88,8,1	72,8,1	64,8,1	56,8,1	96,8,1	104,8,1	104,8,1	56,8,1	96,8,1	88,8,1	120,8,1	144,8,1	104,8,1	104,8,1	120,8,1	144,8,1	128,8,1	112,8,1	96,8,1	96,8,1	128,8,1	96,8,1	232,8,1	192,8,1	232,8,1	192,8,1	80,8,1	184,8,1	128,8,1	96,8,1	96,8,1	104,8,1	128,8,1	176,8,1	176,8,1	96,8,1	72,8,1	160,8,1	112,8,1	96,8,1	80,8,1	96,8,1	112,8,1	96,8,1	48,8,1	112,8,1	112,8,1	112,8,1
月阙之杀劫僧帽	120,8,1	120,8,1	120,8,1	120,8,1	88,8,1	88,8,1	88,8,1	88,8,1	120,8,1	120,8,1	88,8,1	88,8,1	120,8,1	120,8,1	120,8,1	120,8,1	120,8,1	248,8,1	248,8,1	96,8,1	88,8,1	88,8,1	88,8,1	88,8,1	88,8,1	96,8,1	96,8,1	88,8,1	72,8,1	64,8,1	56,8,1	96,8,1	104,8,1	104,8,1	56,8,1	96,8,1	88,8,1	120,8,1	144,8,1	104,8,1	104,8,1	120,8,1	144,8,1	128,8,1	112,8,1	96,8,1	96,8,1	128,8,1	96,8,1	232,8,1	192,8,1	232,8,1	192,8,1	80,8,1	184,8,1	128,8,1	96,8,1	96,8,1	104,8,1	128,8,1	176,8,1	176,8,1	96,8,1	72,8,1	160,8,1	112,8,1	96,8,1	80,8,1	96,8,1	112,8,1	96,8,1	48,8,1	112,8,1	112,8,1	112,8,1
月阙之破劫僧帽	120,8,1	120,8,1	120,8,1	120,8,1	88,8,1	88,8,1	88,8,1	88,8,1	120,8,1	120,8,1	88,8,1	88,8,1	120,8,1	120,8,1	120,8,1	120,8,1	120,8,1	248,8,1	248,8,1	96,8,1	88,8,1	88,8,1	88,8,1	88,8,1	88,8,1	96,8,1	96,8,1	88,8,1	72,8,1	64,8,1	56,8,1	96,8,1	104,8,1	104,8,1	56,8,1	96,8,1	88,8,1	120,8,1	144,8,1	104,8,1	104,8,1	120,8,1	144,8,1	128,8,1	112,8,1	96,8,1	96,8,1	128,8,1	96,8,1	232,8,1	192,8,1	232,8,1	192,8,1	80,8,1	184,8,1	128,8,1	96,8,1	96,8,1	104,8,1	128,8,1	176,8,1	176,8,1	96,8,1	72,8,1	160,8,1	112,8,1	96,8,1	80,8,1	96,8,1	112,8,1	96,8,1	48,8,1	112,8,1	112,8,1	112,8,1
月阙之奋武盔	120,8,1	120,8,1	120,8,1	120,8,1	88,8,1	88,8,1	88,8,1	88,8,1	120,8,1	120,8,1	88,8,1	88,8,1	120,8,1	120,8,1	120,8,1	120,8,1	120,8,1	248,8,1	248,8,1	96,8,1	88,8,1	88,8,1	88,8,1	88,8,1	88,8,1	96,8,1	96,8,1	88,8,1	72,8,1	64,8,1	56,8,1	96,8,1	104,8,1	104,8,1	56,8,1	96,8,1	88,8,1	120,8,1	144,8,1	104,8,1	104,8,1	120,8,1	144,8,1	128,8,1	112,8,1	96,8,1	96,8,1	128,8,1	96,8,1	232,8,1	192,8,1	232,8,1	192,8,1	80,8,1	184,8,1	128,8,1	96,8,1	96,8,1	104,8,1	128,8,1	176,8,1	176,8,1	96,8,1	72,8,1	160,8,1	112,8,1	96,8,1	80,8,1	96,8,1	112,8,1	96,8,1	48,8,1	112,8,1	112,8,1	112,8,1
月阙之烽烟盔	120,8,1	120,8,1	120,8,1	120,8,1	88,8,1	88,8,1	88,8,1	88,8,1	120,8,1	120,8,1	88,8,1	88,8,1	120,8,1	120,8,1	120,8,1	120,8,1	120,8,1	248,8,1	248,8,1	96,8,1	88,8,1	88,8,1	88,8,1	88,8,1	88,8,1	96,8,1	96,8,1	88,8,1	72,8,1	64,8,1	56,8,1	96,8,1	104,8,1	104,8,1	56,8,1	96,8,1	88,8,1	120,8,1	144,8,1	104,8,1	104,8,1	120,8,1	144,8,1	128,8,1	112,8,1	96,8,1	96,8,1	128,8,1	96,8,1	232,8,1	192,8,1	232,8,1	192,8,1	80,8,1	184,8,1	128,8,1	96,8,1	96,8,1	104,8,1	128,8,1	176,8,1	176,8,1	96,8,1	72,8,1	160,8,1	112,8,1	96,8,1	80,8,1	96,8,1	112,8,1	96,8,1	48,8,1	112,8,1	112,8,1	112,8,1
月阙之长空盔	120,8,1	120,8,1	120,8,1	120,8,1	88,8,1	88,8,1	88,8,1	88,8,1	120,8,1	120,8,1	88,8,1	88,8,1	120,8,1	120,8,1	120,8,1	120,8,1	120,8,1	248,8,1	248,8,1	96,8,1	88,8,1	88,8,1	88,8,1	88,8,1	88,8,1	96,8,1	96,8,1	88,8,1	72,8,1	64,8,1	56,8,1	96,8,1	104,8,1	104,8,1	56,8,1	96,8,1	88,8,1	120,8,1	144,8,1	104,8,1	104,8,1	120,8,1	144,8,1	128,8,1	112,8,1	96,8,1	96,8,1	128,8,1	96,8,1	232,8,1	192,8,1	232,8,1	192,8,1	80,8,1	184,8,1	128,8,1	96,8,1	96,8,1	104,8,1	128,8,1	176,8,1	176,8,1	96,8,1	72,8,1	160,8,1	112,8,1	96,8,1	80,8,1	96,8,1	112,8,1	96,8,1	48,8,1	112,8,1	112,8,1	112,8,1
月阙之惊鸿发带	120,8,1	120,8,1							120,8,1	120,8,1	88,8,1	88,8,1						248,8,1	248,8,1	96,8,1						96,8,1	96,8,1	88,8,1					104,8,1	104,8,1	56,8,1					104,8,1	104,8,1	120,8,1								232,8,1	192,8,1	232,8,1	192,8,1	80,8,1	184,8,1						176,8,1	176,8,1	96,8,1												
月阙之晓月发带	120,8,1	120,8,1							120,8,1	120,8,1	88,8,1	88,8,1						248,8,1	248,8,1	96,8,1						96,8,1	96,8,1	88,8,1					104,8,1	104,8,1	56,8,1					104,8,1	104,8,1	120,8,1								232,8,1	192,8,1	232,8,1	192,8,1	80,8,1	184,8,1						176,8,1	176,8,1	96,8,1												
月阙之相思簪	120,8,1	120,8,1							120,8,1	120,8,1	88,8,1	88,8,1						248,8,1	248,8,1	96,8,1						96,8,1	96,8,1	88,8,1					104,8,1	104,8,1	56,8,1					104,8,1	104,8,1	120,8,1								232,8,1	192,8,1	232,8,1	192,8,1	80,8,1	184,8,1						176,8,1	176,8,1	96,8,1												
月阙之风月簪	120,8,1	120,8,1							120,8,1	120,8,1	88,8,1	88,8,1						248,8,1	248,8,1	96,8,1						96,8,1	96,8,1	88,8,1					104,8,1	104,8,1	56,8,1					104,8,1	104,8,1	120,8,1								232,8,1	192,8,1	232,8,1	192,8,1	80,8,1	184,8,1						176,8,1	176,8,1	96,8,1												
月阙之百毒发带	120,8,1	120,8,1	120,8,1	120,8,1	88,8,1	88,8,1	88,8,1	88,8,1	120,8,1	120,8,1	88,8,1	88,8,1	120,8,1	120,8,1	120,8,1	120,8,1	120,8,1	248,8,1	248,8,1	96,8,1	88,8,1	88,8,1	88,8,1	88,8,1	88,8,1	96,8,1	96,8,1	88,8,1	72,8,1	64,8,1	56,8,1	96,8,1	104,8,1	104,8,1	56,8,1	96,8,1	88,8,1	120,8,1	144,8,1	104,8,1	104,8,1	120,8,1	144,8,1	128,8,1	112,8,1	96,8,1	96,8,1	128,8,1	96,8,1	232,8,1	192,8,1	232,8,1	192,8,1	80,8,1	184,8,1	128,8,1	96,8,1	96,8,1	104,8,1	128,8,1	176,8,1	176,8,1	96,8,1	72,8,1	160,8,1	112,8,1	96,8,1	80,8,1	96,8,1	112,8,1	96,8,1	48,8,1	112,8,1	112,8,1	112,8,1
月阙之幽冥发带	120,8,1	120,8,1	120,8,1	120,8,1	88,8,1	88,8,1	88,8,1	88,8,1	120,8,1	120,8,1	88,8,1	88,8,1	120,8,1	120,8,1	120,8,1	120,8,1	120,8,1	248,8,1	248,8,1	96,8,1	88,8,1	88,8,1	88,8,1	88,8,1	88,8,1	96,8,1	96,8,1	88,8,1	72,8,1	64,8,1	56,8,1	96,8,1	104,8,1	104,8,1	56,8,1	96,8,1	88,8,1	120,8,1	144,8,1	104,8,1	104,8,1	120,8,1	144,8,1	128,8,1	112,8,1	96,8,1	96,8,1	128,8,1	96,8,1	232,8,1	192,8,1	232,8,1	192,8,1	80,8,1	184,8,1	128,8,1	96,8,1	96,8,1	104,8,1	128,8,1	176,8,1	176,8,1	96,8,1	72,8,1	160,8,1	112,8,1	96,8,1	80,8,1	96,8,1	112,8,1	96,8,1	48,8,1	112,8,1	112,8,1	112,8,1
月阙之催命冠	120,8,1	120,8,1	120,8,1	120,8,1	88,8,1	88,8,1	88,8,1	88,8,1	120,8,1	120,8,1	88,8,1	88,8,1	120,8,1	120,8,1	120,8,1	120,8,1	120,8,1	248,8,1	248,8,1	96,8,1	88,8,1	88,8,1	88,8,1	88,8,1	88,8,1	96,8,1	96,8,1	88,8,1	72,8,1	64,8,1	56,8,1	96,8,1	104,8,1	104,8,1	56,8,1	96,8,1	88,8,1	120,8,1	144,8,1	104,8,1	104,8,1	120,8,1	144,8,1	128,8,1	112,8,1	96,8,1	96,8,1	128,8,1	96,8,1	232,8,1	192,8,1	232,8,1	192,8,1	80,8,1	184,8,1	128,8,1	96,8,1	96,8,1	104,8,1	128,8,1	176,8,1	176,8,1	96,8,1	72,8,1	160,8,1	112,8,1	96,8,1	80,8,1	96,8,1	112,8,1	96,8,1	48,8,1	112,8,1	112,8,1	112,8,1
月阙之秘毒冠	120,8,1	120,8,1	120,8,1	120,8,1	88,8,1	88,8,1	88,8,1	88,8,1	120,8,1	120,8,1	88,8,1	88,8,1	120,8,1	120,8,1	120,8,1	120,8,1	120,8,1	248,8,1	248,8,1	96,8,1	88,8,1	88,8,1	88,8,1	88,8,1	88,8,1	96,8,1	96,8,1	88,8,1	72,8,1	64,8,1	56,8,1	96,8,1	104,8,1	104,8,1	56,8,1	96,8,1	88,8,1	120,8,1	144,8,1	104,8,1	104,8,1	120,8,1	144,8,1	128,8,1	112,8,1	96,8,1	96,8,1	128,8,1	96,8,1	232,8,1	192,8,1	232,8,1	192,8,1	80,8,1	184,8,1	128,8,1	96,8,1	96,8,1	104,8,1	128,8,1	176,8,1	176,8,1	96,8,1	72,8,1	160,8,1	112,8,1	96,8,1	80,8,1	96,8,1	112,8,1	96,8,1	48,8,1	112,8,1	112,8,1	112,8,1
月阙之蔓荼发冠	120,8,1	120,8,1	120,8,1	120,8,1	88,8,1	88,8,1	88,8,1	88,8,1	120,8,1	120,8,1	88,8,1	88,8,1	120,8,1	120,8,1	120,8,1	120,8,1	120,8,1	248,8,1	248,8,1	96,8,1	88,8,1	88,8,1	88,8,1	88,8,1	88,8,1	96,8,1	96,8,1	88,8,1	72,8,1	64,8,1	56,8,1	96,8,1	104,8,1	104,8,1	56,8,1	96,8,1	88,8,1	120,8,1	144,8,1	104,8,1	104,8,1	120,8,1	144,8,1	128,8,1	112,8,1	96,8,1	96,8,1	128,8,1	96,8,1	232,8,1	192,8,1	232,8,1	192,8,1	80,8,1	184,8,1	128,8,1	96,8,1	96,8,1	104,8,1	128,8,1	176,8,1	176,8,1	96,8,1	72,8,1	160,8,1	112,8,1	96,8,1	80,8,1	96,8,1	112,8,1	96,8,1	48,8,1	112,8,1	112,8,1	112,8,1
月阙之赤龙头环	120,8,1	120,8,1	120,8,1	120,8,1	88,8,1	88,8,1	88,8,1	88,8,1	120,8,1	120,8,1	88,8,1	88,8,1	120,8,1	120,8,1	120,8,1	120,8,1	120,8,1	248,8,1	248,8,1	96,8,1	88,8,1	88,8,1	88,8,1	88,8,1	88,8,1	96,8,1	96,8,1	88,8,1	72,8,1	64,8,1	56,8,1	96,8,1	104,8,1	104,8,1	56,8,1	96,8,1	88,8,1	120,8,1	144,8,1	104,8,1	104,8,1	120,8,1	144,8,1	128,8,1	112,8,1	96,8,1	96,8,1	128,8,1	96,8,1	232,8,1	192,8,1	232,8,1	192,8,1	80,8,1	184,8,1	128,8,1	96,8,1	96,8,1	104,8,1	128,8,1	176,8,1	176,8,1	96,8,1	72,8,1	160,8,1	112,8,1	96,8,1	80,8,1	96,8,1	112,8,1	96,8,1	48,8,1	112,8,1	112,8,1	112,8,1
月阙之豪杰头环	120,8,1	120,8,1	120,8,1	120,8,1	88,8,1	88,8,1	88,8,1	88,8,1	120,8,1	120,8,1	88,8,1	88,8,1	120,8,1	120,8,1	120,8,1	120,8,1	120,8,1	248,8,1	248,8,1	96,8,1	88,8,1	88,8,1	88,8,1	88,8,1	88,8,1	96,8,1	96,8,1	88,8,1	72,8,1	64,8,1	56,8,1	96,8,1	104,8,1	104,8,1	56,8,1	96,8,1	88,8,1	120,8,1	144,8,1	104,8,1	104,8,1	120,8,1	144,8,1	128,8,1	112,8,1	96,8,1	96,8,1	128,8,1	96,8,1	232,8,1	192,8,1	232,8,1	192,8,1	80,8,1	184,8,1	128,8,1	96,8,1	96,8,1	104,8,1	128,8,1	176,8,1	176,8,1	96,8,1	72,8,1	160,8,1	112,8,1	96,8,1	80,8,1	96,8,1	112,8,1	96,8,1	48,8,1	112,8,1	112,8,1	112,8,1
月阙之贪狼盔	120,8,1	120,8,1	120,8,1	120,8,1	88,8,1	88,8,1	88,8,1	88,8,1	120,8,1	120,8,1	88,8,1	88,8,1	120,8,1	120,8,1	120,8,1	120,8,1	120,8,1	248,8,1	248,8,1	96,8,1	88,8,1	88,8,1	88,8,1	88,8,1	88,8,1	96,8,1	96,8,1	88,8,1	72,8,1	64,8,1	56,8,1	96,8,1	104,8,1	104,8,1	56,8,1	96,8,1	88,8,1	120,8,1	144,8,1	104,8,1	104,8,1	120,8,1	144,8,1	128,8,1	112,8,1	96,8,1	96,8,1	128,8,1	96,8,1	232,8,1	192,8,1	232,8,1	192,8,1	80,8,1	184,8,1	128,8,1	96,8,1	96,8,1	104,8,1	128,8,1	176,8,1	176,8,1	96,8,1	72,8,1	160,8,1	112,8,1	96,8,1	80,8,1	96,8,1	112,8,1	96,8,1	48,8,1	112,8,1	112,8,1	112,8,1
月阙之烈阳冠冕	120,8,1	120,8,1	120,8,1	120,8,1	88,8,1	88,8,1	88,8,1	88,8,1	120,8,1	120,8,1	88,8,1	88,8,1	120,8,1	120,8,1	120,8,1	120,8,1	120,8,1	248,8,1	248,8,1	96,8,1	88,8,1	88,8,1	88,8,1	88,8,1	88,8,1	96,8,1	96,8,1	88,8,1	72,8,1	64,8,1	56,8,1	96,8,1	104,8,1	104,8,1	56,8,1	96,8,1	88,8,1	120,8,1	144,8,1	104,8,1	104,8,1	120,8,1	144,8,1	128,8,1	112,8,1	96,8,1	96,8,1	128,8,1	96,8,1	232,8,1	192,8,1	232,8,1	192,8,1	80,8,1	184,8,1	128,8,1	96,8,1	96,8,1	104,8,1	128,8,1	176,8,1	176,8,1	96,8,1	72,8,1	160,8,1	112,8,1	96,8,1	80,8,1	96,8,1	112,8,1	96,8,1	48,8,1	112,8,1	112,8,1	112,8,1
月阙之灵动冠	120,8,1	120,8,1	120,8,1	120,8,1	88,8,1	88,8,1	88,8,1	88,8,1	120,8,1	120,8,1	88,8,1	88,8,1	120,8,1	120,8,1	120,8,1	120,8,1	120,8,1	248,8,1	248,8,1	96,8,1	88,8,1	88,8,1	88,8,1	88,8,1	88,8,1	96,8,1	96,8,1	88,8,1	72,8,1	64,8,1	56,8,1	96,8,1	104,8,1	104,8,1	56,8,1	96,8,1	88,8,1	120,8,1	144,8,1	104,8,1	104,8,1	120,8,1	144,8,1	128,8,1	112,8,1	96,8,1	96,8,1	128,8,1	96,8,1	232,8,1	192,8,1	232,8,1	192,8,1	80,8,1	184,8,1	128,8,1	96,8,1	96,8,1	104,8,1	128,8,1	176,8,1	176,8,1	96,8,1	72,8,1	160,8,1	112,8,1	96,8,1	80,8,1	96,8,1	112,8,1	96,8,1	48,8,1	112,8,1	112,8,1	112,8,1
月阙之幻影冠	120,8,1	120,8,1	120,8,1	120,8,1	88,8,1	88,8,1	88,8,1	88,8,1	120,8,1	120,8,1	88,8,1	88,8,1	120,8,1	120,8,1	120,8,1	120,8,1	120,8,1	248,8,1	248,8,1	96,8,1	88,8,1	88,8,1	88,8,1	88,8,1	88,8,1	96,8,1	96,8,1	88,8,1	72,8,1	64,8,1	56,8,1	96,8,1	104,8,1	104,8,1	56,8,1	96,8,1	88,8,1	120,8,1	144,8,1	104,8,1	104,8,1	120,8,1	144,8,1	128,8,1	112,8,1	96,8,1	96,8,1	128,8,1	96,8,1	232,8,1	192,8,1	232,8,1	192,8,1	80,8,1	184,8,1	128,8,1	96,8,1	96,8,1	104,8,1	128,8,1	176,8,1	176,8,1	96,8,1	72,8,1	160,8,1	112,8,1	96,8,1	80,8,1	96,8,1	112,8,1	96,8,1	48,8,1	112,8,1	112,8,1	112,8,1
月阙之凌风道冠	120,8,1	120,8,1	120,8,1	120,8,1	88,8,1	88,8,1	88,8,1	88,8,1	120,8,1	120,8,1	88,8,1	88,8,1	120,8,1	120,8,1	120,8,1	120,8,1	120,8,1	248,8,1	248,8,1	96,8,1	88,8,1	88,8,1	88,8,1	88,8,1	88,8,1	96,8,1	96,8,1	88,8,1	72,8,1	64,8,1	56,8,1	96,8,1	104,8,1	104,8,1	56,8,1	96,8,1	88,8,1	120,8,1	144,8,1	104,8,1	104,8,1	120,8,1	144,8,1	128,8,1	112,8,1	96,8,1	96,8,1	128,8,1	96,8,1	232,8,1	192,8,1	232,8,1	192,8,1	80,8,1	184,8,1	128,8,1	96,8,1	96,8,1	104,8,1	128,8,1	176,8,1	176,8,1	96,8,1	72,8,1	160,8,1	112,8,1	96,8,1	80,8,1	96,8,1	112,8,1	96,8,1	48,8,1	112,8,1	112,8,1	112,8,1
月阙之沐雨道冠	120,8,1	120,8,1	120,8,1	120,8,1	88,8,1	88,8,1	88,8,1	88,8,1	120,8,1	120,8,1	88,8,1	88,8,1	120,8,1	120,8,1	120,8,1	120,8,1	120,8,1	248,8,1	248,8,1	96,8,1	88,8,1	88,8,1	88,8,1	88,8,1	88,8,1	96,8,1	96,8,1	88,8,1	72,8,1	64,8,1	56,8,1	96,8,1	104,8,1	104,8,1	56,8,1	96,8,1	88,8,1	120,8,1	144,8,1	104,8,1	104,8,1	120,8,1	144,8,1	128,8,1	112,8,1	96,8,1	96,8,1	128,8,1	96,8,1	232,8,1	192,8,1	232,8,1	192,8,1	80,8,1	184,8,1	128,8,1	96,8,1	96,8,1	104,8,1	128,8,1	176,8,1	176,8,1	96,8,1	72,8,1	160,8,1	112,8,1	96,8,1	80,8,1	96,8,1	112,8,1	96,8,1	48,8,1	112,8,1	112,8,1	112,8,1
月阙之清风冠	120,8,1	120,8,1	120,8,1	120,8,1	88,8,1	88,8,1	88,8,1	88,8,1	120,8,1	120,8,1	88,8,1	88,8,1	120,8,1	120,8,1	120,8,1	120,8,1	120,8,1	248,8,1	248,8,1	96,8,1	88,8,1	88,8,1	88,8,1	88,8,1	88,8,1	96,8,1	96,8,1	88,8,1	72,8,1	64,8,1	56,8,1	96,8,1	104,8,1	104,8,1	56,8,1	96,8,1	88,8,1	120,8,1	144,8,1	104,8,1	104,8,1	120,8,1	144,8,1	128,8,1	112,8,1	96,8,1	96,8,1	128,8,1	96,8,1	232,8,1	192,8,1	232,8,1	192,8,1	80,8,1	184,8,1	128,8,1	96,8,1	96,8,1	104,8,1	128,8,1	176,8,1	176,8,1	96,8,1	72,8,1	160,8,1	112,8,1	96,8,1	80,8,1	96,8,1	112,8,1	96,8,1	48,8,1	112,8,1	112,8,1	112,8,1
月阙之逸影冠	120,8,1	120,8,1	120,8,1	120,8,1	88,8,1	88,8,1	88,8,1	88,8,1	120,8,1	120,8,1	88,8,1	88,8,1	120,8,1	120,8,1	120,8,1	120,8,1	120,8,1	248,8,1	248,8,1	96,8,1	88,8,1	88,8,1	88,8,1	88,8,1	88,8,1	96,8,1	96,8,1	88,8,1	72,8,1	64,8,1	56,8,1	96,8,1	104,8,1	104,8,1	56,8,1	96,8,1	88,8,1	120,8,1	144,8,1	104,8,1	104,8,1	120,8,1	144,8,1	128,8,1	112,8,1	96,8,1	96,8,1	128,8,1	96,8,1	232,8,1	192,8,1	232,8,1	192,8,1	80,8,1	184,8,1	128,8,1	96,8,1	96,8,1	104,8,1	128,8,1	176,8,1	176,8,1	96,8,1	72,8,1	160,8,1	112,8,1	96,8,1	80,8,1	96,8,1	112,8,1	96,8,1	48,8,1	112,8,1	112,8,1	112,8,1
耀阳之梦龙僧帽	120,8,1	120,8,1	120,8,1	120,8,1	88,8,1	88,8,1	88,8,1	88,8,1	120,8,1	120,8,1	88,8,1	88,8,1	120,8,1	120,8,1	120,8,1	120,8,1	120,8,1	248,8,1	248,8,1	96,8,1	88,8,1	88,8,1	88,8,1	88,8,1	88,8,1	96,8,1	96,8,1	88,8,1	72,8,1	64,8,1	56,8,1	96,8,1	104,8,1	104,8,1	56,8,1	96,8,1	88,8,1	120,8,1	144,8,1	104,8,1	104,8,1	120,8,1	144,8,1	128,8,1	112,8,1	96,8,1	96,8,1	128,8,1	96,8,1	232,8,1	192,8,1	232,8,1	192,8,1	80,8,1	184,8,1	128,8,1	96,8,1	96,8,1	104,8,1	128,8,1	176,8,1	176,8,1	96,8,1	72,8,1	160,8,1	112,8,1	96,8,1	80,8,1	96,8,1	112,8,1	96,8,1	48,8,1	112,8,1	112,8,1	112,8,1
耀阳之伏魔僧帽	120,8,1	120,8,1	120,8,1	120,8,1	88,8,1	88,8,1	88,8,1	88,8,1	120,8,1	120,8,1	88,8,1	88,8,1	120,8,1	120,8,1	120,8,1	120,8,1	120,8,1	248,8,1	248,8,1	96,8,1	88,8,1	88,8,1	88,8,1	88,8,1	88,8,1	96,8,1	96,8,1	88,8,1	72,8,1	64,8,1	56,8,1	96,8,1	104,8,1	104,8,1	56,8,1	96,8,1	88,8,1	120,8,1	144,8,1	104,8,1	104,8,1	120,8,1	144,8,1	128,8,1	112,8,1	96,8,1	96,8,1	128,8,1	96,8,1	232,8,1	192,8,1	232,8,1	192,8,1	80,8,1	184,8,1	128,8,1	96,8,1	96,8,1	104,8,1	128,8,1	176,8,1	176,8,1	96,8,1	72,8,1	160,8,1	112,8,1	96,8,1	80,8,1	96,8,1	112,8,1	96,8,1	48,8,1	112,8,1	112,8,1	112,8,1
耀阳之四空僧帽	120,8,1	120,8,1	120,8,1	120,8,1	88,8,1	88,8,1	88,8,1	88,8,1	120,8,1	120,8,1	88,8,1	88,8,1	120,8,1	120,8,1	120,8,1	120,8,1	120,8,1	248,8,1	248,8,1	96,8,1	88,8,1	88,8,1	88,8,1	88,8,1	88,8,1	96,8,1	96,8,1	88,8,1	72,8,1	64,8,1	56,8,1	96,8,1	104,8,1	104,8,1	56,8,1	96,8,1	88,8,1	120,8,1	144,8,1	104,8,1	104,8,1	120,8,1	144,8,1	128,8,1	112,8,1	96,8,1	96,8,1	128,8,1	96,8,1	232,8,1	192,8,1	232,8,1	192,8,1	80,8,1	184,8,1	128,8,1	96,8,1	96,8,1	104,8,1	128,8,1	176,8,1	176,8,1	96,8,1	72,8,1	160,8,1	112,8,1	96,8,1	80,8,1	96,8,1	112,8,1	96,8,1	48,8,1	112,8,1	112,8,1	112,8,1
耀阳之撼天盔	120,8,1	120,8,1	120,8,1	120,8,1	88,8,1	88,8,1	88,8,1	88,8,1	120,8,1	120,8,1	88,8,1	88,8,1	120,8,1	120,8,1	120,8,1	120,8,1	120,8,1	248,8,1	248,8,1	96,8,1	88,8,1	88,8,1	88,8,1	88,8,1	88,8,1	96,8,1	96,8,1	88,8,1	72,8,1	64,8,1	56,8,1	96,8,1	104,8,1	104,8,1	56,8,1	96,8,1	88,8,1	120,8,1	144,8,1	104,8,1	104,8,1	120,8,1	144,8,1	128,8,1	112,8,1	96,8,1	96,8,1	128,8,1	96,8,1	232,8,1	192,8,1	232,8,1	192,8,1	80,8,1	184,8,1	128,8,1	96,8,1	96,8,1	104,8,1	128,8,1	176,8,1	176,8,1	96,8,1	72,8,1	160,8,1	112,8,1	96,8,1	80,8,1	96,8,1	112,8,1	96,8,1	48,8,1	112,8,1	112,8,1	112,8,1
耀阳之继业盔	120,8,1	120,8,1	120,8,1	120,8,1	88,8,1	88,8,1	88,8,1	88,8,1	120,8,1	120,8,1	88,8,1	88,8,1	120,8,1	120,8,1	120,8,1	120,8,1	120,8,1	248,8,1	248,8,1	96,8,1	88,8,1	88,8,1	88,8,1	88,8,1	88,8,1	96,8,1	96,8,1	88,8,1	72,8,1	64,8,1	56,8,1	96,8,1	104,8,1	104,8,1	56,8,1	96,8,1	88,8,1	120,8,1	144,8,1	104,8,1	104,8,1	120,8,1	144,8,1	128,8,1	112,8,1	96,8,1	96,8,1	128,8,1	96,8,1	232,8,1	192,8,1	232,8,1	192,8,1	80,8,1	184,8,1	128,8,1	96,8,1	96,8,1	104,8,1	128,8,1	176,8,1	176,8,1	96,8,1	72,8,1	160,8,1	112,8,1	96,8,1	80,8,1	96,8,1	112,8,1	96,8,1	48,8,1	112,8,1	112,8,1	112,8,1
耀阳之御龙盔	120,8,1	120,8,1	120,8,1	120,8,1	88,8,1	88,8,1	88,8,1	88,8,1	120,8,1	120,8,1	88,8,1	88,8,1	120,8,1	120,8,1	120,8,1	120,8,1	120,8,1	248,8,1	248,8,1	96,8,1	88,8,1	88,8,1	88,8,1	88,8,1	88,8,1	96,8,1	96,8,1	88,8,1	72,8,1	64,8,1	56,8,1	96,8,1	104,8,1	104,8,1	56,8,1	96,8,1	88,8,1	120,8,1	144,8,1	104,8,1	104,8,1	120,8,1	144,8,1	128,8,1	112,8,1	96,8,1	96,8,1	128,8,1	96,8,1	232,8,1	192,8,1	232,8,1	192,8,1	80,8,1	184,8,1	128,8,1	96,8,1	96,8,1	104,8,1	128,8,1	176,8,1	176,8,1	96,8,1	72,8,1	160,8,1	112,8,1	96,8,1	80,8,1	96,8,1	112,8,1	96,8,1	48,8,1	112,8,1	112,8,1	112,8,1
耀阳之无间发带	120,8,1	120,8,1							120,8,1	120,8,1	88,8,1	88,8,1						248,8,1	248,8,1	96,8,1						96,8,1	96,8,1	88,8,1					104,8,1	104,8,1	56,8,1					104,8,1	104,8,1	120,8,1								232,8,1	192,8,1	232,8,1	192,8,1	80,8,1	184,8,1						176,8,1	176,8,1	96,8,1												
耀阳之无魇发带	120,8,1	120,8,1							120,8,1	120,8,1	88,8,1	88,8,1						248,8,1	248,8,1	96,8,1						96,8,1	96,8,1	88,8,1					104,8,1	104,8,1	56,8,1					104,8,1	104,8,1	120,8,1								232,8,1	192,8,1	232,8,1	192,8,1	80,8,1	184,8,1						176,8,1	176,8,1	96,8,1												
耀阳之栖凰簪	120,8,1	120,8,1							120,8,1	120,8,1	88,8,1	88,8,1						248,8,1	248,8,1	96,8,1						96,8,1	96,8,1	88,8,1					104,8,1	104,8,1	56,8,1					104,8,1	104,8,1	120,8,1								232,8,1	192,8,1	232,8,1	192,8,1	80,8,1	184,8,1						176,8,1	176,8,1	96,8,1												
耀阳之碧海簪	120,8,1	120,8,1							120,8,1	120,8,1	88,8,1	88,8,1						248,8,1	248,8,1	96,8,1						96,8,1	96,8,1	88,8,1					104,8,1	104,8,1	56,8,1					104,8,1	104,8,1	120,8,1								232,8,1	192,8,1	232,8,1	192,8,1	80,8,1	184,8,1						176,8,1	176,8,1	96,8,1												
耀阳之幽胧发带	120,8,1	120,8,1	120,8,1	120,8,1	88,8,1	88,8,1	88,8,1	88,8,1	120,8,1	120,8,1	88,8,1	88,8,1	120,8,1	120,8,1	120,8,1	120,8,1	120,8,1	248,8,1	248,8,1	96,8,1	88,8,1	88,8,1	88,8,1	88,8,1	88,8,1	96,8,1	96,8,1	88,8,1	72,8,1	64,8,1	56,8,1	96,8,1	104,8,1	104,8,1	56,8,1	96,8,1	88,8,1	120,8,1	144,8,1	104,8,1	104,8,1	120,8,1	144,8,1	128,8,1	112,8,1	96,8,1	96,8,1	128,8,1	96,8,1	232,8,1	192,8,1	232,8,1	192,8,1	80,8,1	184,8,1	128,8,1	96,8,1	96,8,1	104,8,1	128,8,1	176,8,1	176,8,1	96,8,1	72,8,1	160,8,1	112,8,1	96,8,1	80,8,1	96,8,1	112,8,1	96,8,1	48,8,1	112,8,1	112,8,1	112,8,1
耀阳之冥幻发带	120,8,1	120,8,1	120,8,1	120,8,1	88,8,1	88,8,1	88,8,1	88,8,1	120,8,1	120,8,1	88,8,1	88,8,1	120,8,1	120,8,1	120,8,1	120,8,1	120,8,1	248,8,1	248,8,1	96,8,1	88,8,1	88,8,1	88,8,1	88,8,1	88,8,1	96,8,1	96,8,1	88,8,1	72,8,1	64,8,1	56,8,1	96,8,1	104,8,1	104,8,1	56,8,1	96,8,1	88,8,1	120,8,1	144,8,1	104,8,1	104,8,1	120,8,1	144,8,1	128,8,1	112,8,1	96,8,1	96,8,1	128,8,1	96,8,1	232,8,1	192,8,1	232,8,1	192,8,1	80,8,1	184,8,1	128,8,1	96,8,1	96,8,1	104,8,1	128,8,1	176,8,1	176,8,1	96,8,1	72,8,1	160,8,1	112,8,1	96,8,1	80,8,1	96,8,1	112,8,1	96,8,1	48,8,1	112,8,1	112,8,1	112,8,1
耀阳之冰寒冠	120,8,1	120,8,1	120,8,1	120,8,1	88,8,1	88,8,1	88,8,1	88,8,1	120,8,1	120,8,1	88,8,1	88,8,1	120,8,1	120,8,1	120,8,1	120,8,1	120,8,1	248,8,1	248,8,1	96,8,1	88,8,1	88,8,1	88,8,1	88,8,1	88,8,1	96,8,1	96,8,1	88,8,1	72,8,1	64,8,1	56,8,1	96,8,1	104,8,1	104,8,1	56,8,1	96,8,1	88,8,1	120,8,1	144,8,1	104,8,1	104,8,1	120,8,1	144,8,1	128,8,1	112,8,1	96,8,1	96,8,1	128,8,1	96,8,1	232,8,1	192,8,1	232,8,1	192,8,1	80,8,1	184,8,1	128,8,1	96,8,1	96,8,1	104,8,1	128,8,1	176,8,1	176,8,1	96,8,1	72,8,1	160,8,1	112,8,1	96,8,1	80,8,1	96,8,1	112,8,1	96,8,1	48,8,1	112,8,1	112,8,1	112,8,1
耀阳之天光冠	120,8,1	120,8,1	120,8,1	120,8,1	88,8,1	88,8,1	88,8,1	88,8,1	120,8,1	120,8,1	88,8,1	88,8,1	120,8,1	120,8,1	120,8,1	120,8,1	120,8,1	248,8,1	248,8,1	96,8,1	88,8,1	88,8,1	88,8,1	88,8,1	88,8,1	96,8,1	96,8,1	88,8,1	72,8,1	64,8,1	56,8,1	96,8,1	104,8,1	104,8,1	56,8,1	96,8,1	88,8,1	120,8,1	144,8,1	104,8,1	104,8,1	120,8,1	144,8,1	128,8,1	112,8,1	96,8,1	96,8,1	128,8,1	96,8,1	232,8,1	192,8,1	232,8,1	192,8,1	80,8,1	184,8,1	128,8,1	96,8,1	96,8,1	104,8,1	128,8,1	176,8,1	176,8,1	96,8,1	72,8,1	160,8,1	112,8,1	96,8,1	80,8,1	96,8,1	112,8,1	96,8,1	48,8,1	112,8,1	112,8,1	112,8,1
耀阳之森荒发冠	120,8,1	120,8,1	120,8,1	120,8,1	88,8,1	88,8,1	88,8,1	88,8,1	120,8,1	120,8,1	88,8,1	88,8,1	120,8,1	120,8,1	120,8,1	120,8,1	120,8,1	248,8,1	248,8,1	96,8,1	88,8,1	88,8,1	88,8,1	88,8,1	88,8,1	96,8,1	96,8,1	88,8,1	72,8,1	64,8,1	56,8,1	96,8,1	104,8,1	104,8,1	56,8,1	96,8,1	88,8,1	120,8,1	144,8,1	104,8,1	104,8,1	120,8,1	144,8,1	128,8,1	112,8,1	96,8,1	96,8,1	128,8,1	96,8,1	232,8,1	192,8,1	232,8,1	192,8,1	80,8,1	184,8,1	128,8,1	96,8,1	96,8,1	104,8,1	128,8,1	176,8,1	176,8,1	96,8,1	72,8,1	160,8,1	112,8,1	96,8,1	80,8,1	96,8,1	112,8,1	96,8,1	48,8,1	112,8,1	112,8,1	112,8,1
耀阳之同仇头环	120,8,1	120,8,1	120,8,1	120,8,1	88,8,1	88,8,1	88,8,1	88,8,1	120,8,1	120,8,1	88,8,1	88,8,1	120,8,1	120,8,1	120,8,1	120,8,1	120,8,1	248,8,1	248,8,1	96,8,1	88,8,1	88,8,1	88,8,1	88,8,1	88,8,1	96,8,1	96,8,1	88,8,1	72,8,1	64,8,1	56,8,1	96,8,1	104,8,1	104,8,1	56,8,1	96,8,1	88,8,1	120,8,1	144,8,1	104,8,1	104,8,1	120,8,1	144,8,1	128,8,1	112,8,1	96,8,1	96,8,1	128,8,1	96,8,1	232,8,1	192,8,1	232,8,1	192,8,1	80,8,1	184,8,1	128,8,1	96,8,1	96,8,1	104,8,1	128,8,1	176,8,1	176,8,1	96,8,1	72,8,1	160,8,1	112,8,1	96,8,1	80,8,1	96,8,1	112,8,1	96,8,1	48,8,1	112,8,1	112,8,1	112,8,1
耀阳之敌忾头环	120,8,1	120,8,1	120,8,1	120,8,1	88,8,1	88,8,1	88,8,1	88,8,1	120,8,1	120,8,1	88,8,1	88,8,1	120,8,1	120,8,1	120,8,1	120,8,1	120,8,1	248,8,1	248,8,1	96,8,1	88,8,1	88,8,1	88,8,1	88,8,1	88,8,1	96,8,1	96,8,1	88,8,1	72,8,1	64,8,1	56,8,1	96,8,1	104,8,1	104,8,1	56,8,1	96,8,1	88,8,1	120,8,1	144,8,1	104,8,1	104,8,1	120,8,1	144,8,1	128,8,1	112,8,1	96,8,1	96,8,1	128,8,1	96,8,1	232,8,1	192,8,1	232,8,1	192,8,1	80,8,1	184,8,1	128,8,1	96,8,1	96,8,1	104,8,1	128,8,1	176,8,1	176,8,1	96,8,1	72,8,1	160,8,1	112,8,1	96,8,1	80,8,1	96,8,1	112,8,1	96,8,1	48,8,1	112,8,1	112,8,1	112,8,1
耀阳之魔煞盔	120,8,1	120,8,1	120,8,1	120,8,1	88,8,1	88,8,1	88,8,1	88,8,1	120,8,1	120,8,1	88,8,1	88,8,1	120,8,1	120,8,1	120,8,1	120,8,1	120,8,1	248,8,1	248,8,1	96,8,1	88,8,1	88,8,1	88,8,1	88,8,1	88,8,1	96,8,1	96,8,1	88,8,1	72,8,1	64,8,1	56,8,1	96,8,1	104,8,1	104,8,1	56,8,1	96,8,1	88,8,1	120,8,1	144,8,1	104,8,1	104,8,1	120,8,1	144,8,1	128,8,1	112,8,1	96,8,1	96,8,1	128,8,1	96,8,1	232,8,1	192,8,1	232,8,1	192,8,1	80,8,1	184,8,1	128,8,1	96,8,1	96,8,1	104,8,1	128,8,1	176,8,1	176,8,1	96,8,1	72,8,1	160,8,1	112,8,1	96,8,1	80,8,1	96,8,1	112,8,1	96,8,1	48,8,1	112,8,1	112,8,1	112,8,1
耀阳之魔煌冠冕	120,8,1	120,8,1	120,8,1	120,8,1	88,8,1	88,8,1	88,8,1	88,8,1	120,8,1	120,8,1	88,8,1	88,8,1	120,8,1	120,8,1	120,8,1	120,8,1	120,8,1	248,8,1	248,8,1	96,8,1	88,8,1	88,8,1	88,8,1	88,8,1	88,8,1	96,8,1	96,8,1	88,8,1	72,8,1	64,8,1	56,8,1	96,8,1	104,8,1	104,8,1	56,8,1	96,8,1	88,8,1	120,8,1	144,8,1	104,8,1	104,8,1	120,8,1	144,8,1	128,8,1	112,8,1	96,8,1	96,8,1	128,8,1	96,8,1	232,8,1	192,8,1	232,8,1	192,8,1	80,8,1	184,8,1	128,8,1	96,8,1	96,8,1	104,8,1	128,8,1	176,8,1	176,8,1	96,8,1	72,8,1	160,8,1	112,8,1	96,8,1	80,8,1	96,8,1	112,8,1	96,8,1	48,8,1	112,8,1	112,8,1	112,8,1
耀阳之凌岳冠	120,8,1	120,8,1	120,8,1	120,8,1	88,8,1	88,8,1	88,8,1	88,8,1	120,8,1	120,8,1	88,8,1	88,8,1	120,8,1	120,8,1	120,8,1	120,8,1	120,8,1	248,8,1	248,8,1	96,8,1	88,8,1	88,8,1	88,8,1	88,8,1	88,8,1	96,8,1	96,8,1	88,8,1	72,8,1	64,8,1	56,8,1	96,8,1	104,8,1	104,8,1	56,8,1	96,8,1	88,8,1	120,8,1	144,8,1	104,8,1	104,8,1	120,8,1	144,8,1	128,8,1	112,8,1	96,8,1	96,8,1	128,8,1	96,8,1	232,8,1	192,8,1	232,8,1	192,8,1	80,8,1	184,8,1	128,8,1	96,8,1	96,8,1	104,8,1	128,8,1	176,8,1	176,8,1	96,8,1	72,8,1	160,8,1	112,8,1	96,8,1	80,8,1	96,8,1	112,8,1	96,8,1	48,8,1	112,8,1	112,8,1	112,8,1
耀阳之及丰冠	120,8,1	120,8,1	120,8,1	120,8,1	88,8,1	88,8,1	88,8,1	88,8,1	120,8,1	120,8,1	88,8,1	88,8,1	120,8,1	120,8,1	120,8,1	120,8,1	120,8,1	248,8,1	248,8,1	96,8,1	88,8,1	88,8,1	88,8,1	88,8,1	88,8,1	96,8,1	96,8,1	88,8,1	72,8,1	64,8,1	56,8,1	96,8,1	104,8,1	104,8,1	56,8,1	96,8,1	88,8,1	120,8,1	144,8,1	104,8,1	104,8,1	120,8,1	144,8,1	128,8,1	112,8,1	96,8,1	96,8,1	128,8,1	96,8,1	232,8,1	192,8,1	232,8,1	192,8,1	80,8,1	184,8,1	128,8,1	96,8,1	96,8,1	104,8,1	128,8,1	176,8,1	176,8,1	96,8,1	72,8,1	160,8,1	112,8,1	96,8,1	80,8,1	96,8,1	112,8,1	96,8,1	48,8,1	112,8,1	112,8,1	112,8,1
耀阳之霜晶道冠	120,8,1	120,8,1	120,8,1	120,8,1	88,8,1	88,8,1	88,8,1	88,8,1	120,8,1	120,8,1	88,8,1	88,8,1	120,8,1	120,8,1	120,8,1	120,8,1	120,8,1	248,8,1	248,8,1	96,8,1	88,8,1	88,8,1	88,8,1	88,8,1	88,8,1	96,8,1	96,8,1	88,8,1	72,8,1	64,8,1	56,8,1	96,8,1	104,8,1	104,8,1	56,8,1	96,8,1	88,8,1	120,8,1	144,8,1	104,8,1	104,8,1	120,8,1	144,8,1	128,8,1	112,8,1	96,8,1	96,8,1	128,8,1	96,8,1	232,8,1	192,8,1	232,8,1	192,8,1	80,8,1	184,8,1	128,8,1	96,8,1	96,8,1	104,8,1	128,8,1	176,8,1	176,8,1	96,8,1	72,8,1	160,8,1	112,8,1	96,8,1	80,8,1	96,8,1	112,8,1	96,8,1	48,8,1	112,8,1	112,8,1	112,8,1
耀阳之雷穹道冠	120,8,1	120,8,1	120,8,1	120,8,1	88,8,1	88,8,1	88,8,1	88,8,1	120,8,1	120,8,1	88,8,1	88,8,1	120,8,1	120,8,1	120,8,1	120,8,1	120,8,1	248,8,1	248,8,1	96,8,1	88,8,1	88,8,1	88,8,1	88,8,1	88,8,1	96,8,1	96,8,1	88,8,1	72,8,1	64,8,1	56,8,1	96,8,1	104,8,1	104,8,1	56,8,1	96,8,1	88,8,1	120,8,1	144,8,1	104,8,1	104,8,1	120,8,1	144,8,1	128,8,1	112,8,1	96,8,1	96,8,1	128,8,1	96,8,1	232,8,1	192,8,1	232,8,1	192,8,1	80,8,1	184,8,1	128,8,1	96,8,1	96,8,1	104,8,1	128,8,1	176,8,1	176,8,1	96,8,1	72,8,1	160,8,1	112,8,1	96,8,1	80,8,1	96,8,1	112,8,1	96,8,1	48,8,1	112,8,1	112,8,1	112,8,1
耀阳之浮云冠	120,8,1	120,8,1	120,8,1	120,8,1	88,8,1	88,8,1	88,8,1	88,8,1	120,8,1	120,8,1	88,8,1	88,8,1	120,8,1	120,8,1	120,8,1	120,8,1	120,8,1	248,8,1	248,8,1	96,8,1	88,8,1	88,8,1	88,8,1	88,8,1	88,8,1	96,8,1	96,8,1	88,8,1	72,8,1	64,8,1	56,8,1	96,8,1	104,8,1	104,8,1	56,8,1	96,8,1	88,8,1	120,8,1	144,8,1	104,8,1	104,8,1	120,8,1	144,8,1	128,8,1	112,8,1	96,8,1	96,8,1	128,8,1	96,8,1	232,8,1	192,8,1	232,8,1	192,8,1	80,8,1	184,8,1	128,8,1	96,8,1	96,8,1	104,8,1	128,8,1	176,8,1	176,8,1	96,8,1	72,8,1	160,8,1	112,8,1	96,8,1	80,8,1	96,8,1	112,8,1	96,8,1	48,8,1	112,8,1	112,8,1	112,8,1
耀阳之冲云冠	120,8,1	120,8,1	120,8,1	120,8,1	88,8,1	88,8,1	88,8,1	88,8,1	120,8,1	120,8,1	88,8,1	88,8,1	120,8,1	120,8,1	120,8,1	120,8,1	120,8,1	248,8,1	248,8,1	96,8,1	88,8,1	88,8,1	88,8,1	88,8,1	88,8,1	96,8,1	96,8,1	88,8,1	72,8,1	64,8,1	56,8,1	96,8,1	104,8,1	104,8,1	56,8,1	96,8,1	88,8,1	120,8,1	144,8,1	104,8,1	104,8,1	120,8,1	144,8,1	128,8,1	112,8,1	96,8,1	96,8,1	128,8,1	96,8,1	232,8,1	192,8,1	232,8,1	192,8,1	80,8,1	184,8,1	128,8,1	96,8,1	96,8,1	104,8,1	128,8,1	176,8,1	176,8,1	96,8,1	72,8,1	160,8,1	112,8,1	96,8,1	80,8,1	96,8,1	112,8,1	96,8,1	48,8,1	112,8,1	112,8,1	112,8,1
武魂套装1	120,8,1	120,8,1	120,8,1	120,8,1	88,8,1	88,8,1	88,8,1	88,8,1	120,8,1	120,8,1	88,8,1	88,8,1	120,8,1	120,8,1	120,8,1	120,8,1	120,8,1	248,8,1	248,8,1	96,8,1	88,8,1	88,8,1	88,8,1	88,8,1	88,8,1	96,8,1	96,8,1	88,8,1	72,8,1	64,8,1	56,8,1	96,8,1	104,8,1	104,8,1	56,8,1	104,8,1	96,8,1	128,8,1	144,8,1	104,8,1	104,8,1	120,8,1	144,8,1	128,8,1	112,8,1	96,8,1	96,8,1	128,8,1	96,8,1	232,8,1	192,8,1	232,8,1	192,8,1	80,8,1	184,8,1	128,8,1	96,8,1	96,8,1	104,8,1	128,8,1	176,8,1	176,8,1	96,8,1	72,8,1	160,8,1	112,8,1	96,8,1	80,8,1	96,8,1	112,8,1	96,8,1	48,8,1	112,8,1	112,8,1	112,8,1
武魂套装2	120,8,1	120,8,1	120,8,1	120,8,1	88,8,1	88,8,1	88,8,1	88,8,1	120,8,1	120,8,1	88,8,1	88,8,1	120,8,1	120,8,1	120,8,1	120,8,1	120,8,1	248,8,1	248,8,1	96,8,1	88,8,1	88,8,1	88,8,1	88,8,1	88,8,1	96,8,1	96,8,1	88,8,1	72,8,1	64,8,1	56,8,1	96,8,1	104,8,1	104,8,1	56,8,1	104,8,1	96,8,1	128,8,1	144,8,1	104,8,1	104,8,1	120,8,1	144,8,1	128,8,1	112,8,1	96,8,1	96,8,1	128,8,1	96,8,1	232,8,1	192,8,1	232,8,1	192,8,1	80,8,1	184,8,1	128,8,1	96,8,1	96,8,1	104,8,1	128,8,1	176,8,1	176,8,1	96,8,1	72,8,1	160,8,1	112,8,1	96,8,1	80,8,1	96,8,1	112,8,1	96,8,1	48,8,1	112,8,1	112,8,1	112,8,1
武魂套装3	120,8,1	120,8,1	120,8,1	120,8,1	88,8,1	88,8,1	88,8,1	88,8,1	120,8,1	120,8,1	88,8,1	88,8,1	120,8,1	120,8,1	120,8,1	120,8,1	120,8,1	248,8,1	248,8,1	96,8,1	88,8,1	88,8,1	88,8,1	88,8,1	88,8,1	96,8,1	96,8,1	88,8,1	72,8,1	64,8,1	56,8,1	96,8,1	104,8,1	104,8,1	56,8,1	104,8,1	96,8,1	128,8,1	144,8,1	104,8,1	104,8,1	120,8,1	144,8,1	128,8,1	112,8,1	96,8,1	96,8,1	128,8,1	96,8,1	232,8,1	192,8,1	232,8,1	192,8,1	80,8,1	184,8,1	128,8,1	96,8,1	96,8,1	104,8,1	128,8,1	176,8,1	176,8,1	96,8,1	72,8,1	160,8,1	112,8,1	96,8,1	80,8,1	96,8,1	112,8,1	96,8,1	48,8,1	112,8,1	112,8,1	112,8,1
武魂套装4	120,8,1	120,8,1	120,8,1	120,8,1	88,8,1	88,8,1	88,8,1	88,8,1	120,8,1	120,8,1	88,8,1	88,8,1	120,8,1	120,8,1	120,8,1	120,8,1	120,8,1	248,8,1	248,8,1	96,8,1	88,8,1	88,8,1	88,8,1	88,8,1	88,8,1	96,8,1	96,8,1	88,8,1	72,8,1	64,8,1	56,8,1	96,8,1	104,8,1	104,8,1	56,8,1	104,8,1	96,8,1	128,8,1	144,8,1	104,8,1	104,8,1	120,8,1	144,8,1	128,8,1	112,8,1	96,8,1	96,8,1	128,8,1	96,8,1	232,8,1	192,8,1	232,8,1	192,8,1	80,8,1	184,8,1	128,8,1	96,8,1	96,8,1	104,8,1	128,8,1	176,8,1	176,8,1	96,8,1	72,8,1	160,8,1	112,8,1	96,8,1	80,8,1	96,8,1	112,8,1	96,8,1	48,8,1	112,8,1	112,8,1	112,8,1
英豪之少林手	120,8,1	120,8,1	120,8,1	120,8,1	88,8,1	88,8,1	88,8,1	88,8,1	120,8,1	120,8,1	88,8,1	88,8,1	120,8,1	120,8,1	120,8,1	120,8,1	120,8,1	248,8,1	248,8,1	96,8,1	88,8,1	88,8,1	88,8,1	88,8,1	88,8,1	96,8,1	96,8,1	88,8,1	72,8,1	64,8,1	56,8,1	96,8,1	104,8,1	104,8,1	56,8,1	96,8,1	88,8,1	120,8,1	144,8,1	104,8,1	104,8,1	120,8,1	144,8,1	128,8,1	112,8,1	96,8,1	96,8,1	128,8,1	96,8,1	232,8,1	192,8,1	232,8,1	192,8,1	80,8,1	184,8,1	128,8,1	96,8,1	96,8,1	104,8,1	128,8,1	176,8,1	176,8,1	96,8,1	72,8,1	160,8,1	112,8,1	96,8,1	80,8,1	96,8,1	112,8,1	96,8,1	48,8,1	112,8,1	112,8,1	112,8,1
英豪之少林棍	120,8,1	120,8,1	120,8,1	120,8,1	88,8,1	88,8,1	88,8,1	88,8,1	120,8,1	120,8,1	88,8,1	88,8,1	120,8,1	120,8,1	120,8,1	120,8,1	120,8,1	248,8,1	248,8,1	96,8,1	88,8,1	88,8,1	88,8,1	88,8,1	88,8,1	96,8,1	96,8,1	88,8,1	72,8,1	64,8,1	56,8,1	96,8,1	104,8,1	104,8,1	56,8,1	96,8,1	88,8,1	120,8,1	144,8,1	104,8,1	104,8,1	120,8,1	144,8,1	128,8,1	112,8,1	96,8,1	96,8,1	128,8,1	96,8,1	232,8,1	192,8,1	232,8,1	192,8,1	80,8,1	184,8,1	128,8,1	96,8,1	96,8,1	104,8,1	128,8,1	176,8,1	176,8,1	96,8,1	72,8,1	160,8,1	112,8,1	96,8,1	80,8,1	96,8,1	112,8,1	96,8,1	48,8,1	112,8,1	112,8,1	112,8,1
英豪之少林刀	120,8,1	120,8,1	120,8,1	120,8,1	88,8,1	88,8,1	88,8,1	88,8,1	120,8,1	120,8,1	88,8,1	88,8,1	120,8,1	120,8,1	120,8,1	120,8,1	120,8,1	248,8,1	248,8,1	96,8,1	88,8,1	88,8,1	88,8,1	88,8,1	88,8,1	96,8,1	96,8,1	88,8,1	72,8,1	64,8,1	56,8,1	96,8,1	104,8,1	104,8,1	56,8,1	96,8,1	88,8,1	120,8,1	144,8,1	104,8,1	104,8,1	120,8,1	144,8,1	128,8,1	112,8,1	96,8,1	96,8,1	128,8,1	96,8,1	232,8,1	192,8,1	232,8,1	192,8,1	80,8,1	184,8,1	128,8,1	96,8,1	96,8,1	104,8,1	128,8,1	176,8,1	176,8,1	96,8,1	72,8,1	160,8,1	112,8,1	96,8,1	80,8,1	96,8,1	112,8,1	96,8,1	48,8,1	112,8,1	112,8,1	112,8,1
英豪之天王锤	120,8,1	120,8,1	120,8,1	120,8,1	88,8,1	88,8,1	88,8,1	88,8,1	120,8,1	120,8,1	88,8,1	88,8,1	120,8,1	120,8,1	120,8,1	120,8,1	120,8,1	248,8,1	248,8,1	96,8,1	88,8,1	88,8,1	88,8,1	88,8,1	88,8,1	96,8,1	96,8,1	88,8,1	72,8,1	64,8,1	56,8,1	96,8,1	104,8,1	104,8,1	56,8,1	96,8,1	88,8,1	120,8,1	144,8,1	104,8,1	104,8,1	120,8,1	144,8,1	128,8,1	112,8,1	96,8,1	96,8,1	128,8,1	96,8,1	232,8,1	192,8,1	232,8,1	192,8,1	80,8,1	184,8,1	128,8,1	96,8,1	96,8,1	104,8,1	128,8,1	176,8,1	176,8,1	96,8,1	72,8,1	160,8,1	112,8,1	96,8,1	80,8,1	96,8,1	112,8,1	96,8,1	48,8,1	112,8,1	112,8,1	112,8,1
英豪之天王枪	120,8,1	120,8,1	120,8,1	120,8,1	88,8,1	88,8,1	88,8,1	88,8,1	120,8,1	120,8,1	88,8,1	88,8,1	120,8,1	120,8,1	120,8,1	120,8,1	120,8,1	248,8,1	248,8,1	96,8,1	88,8,1	88,8,1	88,8,1	88,8,1	88,8,1	96,8,1	96,8,1	88,8,1	72,8,1	64,8,1	56,8,1	96,8,1	104,8,1	104,8,1	56,8,1	96,8,1	88,8,1	120,8,1	144,8,1	104,8,1	104,8,1	120,8,1	144,8,1	128,8,1	112,8,1	96,8,1	96,8,1	128,8,1	96,8,1	232,8,1	192,8,1	232,8,1	192,8,1	80,8,1	184,8,1	128,8,1	96,8,1	96,8,1	104,8,1	128,8,1	176,8,1	176,8,1	96,8,1	72,8,1	160,8,1	112,8,1	96,8,1	80,8,1	96,8,1	112,8,1	96,8,1	48,8,1	112,8,1	112,8,1	112,8,1
英豪之天王刀	120,8,1	120,8,1	120,8,1	120,8,1	88,8,1	88,8,1	88,8,1	88,8,1	120,8,1	120,8,1	88,8,1	88,8,1	120,8,1	120,8,1	120,8,1	120,8,1	120,8,1	248,8,1	248,8,1	96,8,1	88,8,1	88,8,1	88,8,1	88,8,1	88,8,1	96,8,1	96,8,1	88,8,1	72,8,1	64,8,1	56,8,1	96,8,1	104,8,1	104,8,1	56,8,1	96,8,1	88,8,1	120,8,1	144,8,1	104,8,1	104,8,1	120,8,1	144,8,1	128,8,1	112,8,1	96,8,1	96,8,1	128,8,1	96,8,1	232,8,1	192,8,1	232,8,1	192,8,1	80,8,1	184,8,1	128,8,1	96,8,1	96,8,1	104,8,1	128,8,1	176,8,1	176,8,1	96,8,1	72,8,1	160,8,1	112,8,1	96,8,1	80,8,1	96,8,1	112,8,1	96,8,1	48,8,1	112,8,1	112,8,1	112,8,1
英豪之峨眉剑	120,8,1	120,8,1							120,8,1	120,8,1	88,8,1	88,8,1						248,8,1	248,8,1	96,8,1						96,8,1	96,8,1	88,8,1					104,8,1	104,8,1	56,8,1					104,8,1	104,8,1	120,8,1								232,8,1	192,8,1	232,8,1	192,8,1	80,8,1	184,8,1						176,8,1	176,8,1	96,8,1												
英豪之峨眉手	120,8,1	120,8,1							120,8,1	120,8,1	88,8,1	88,8,1						248,8,1	248,8,1	96,8,1						96,8,1	96,8,1	88,8,1					104,8,1	104,8,1	56,8,1					104,8,1	104,8,1	120,8,1								232,8,1	192,8,1	232,8,1	192,8,1	80,8,1	184,8,1						176,8,1	176,8,1	96,8,1												
英豪之翠烟单刀	120,8,1	120,8,1							120,8,1	120,8,1	88,8,1	88,8,1						248,8,1	248,8,1	96,8,1						96,8,1	96,8,1	88,8,1					104,8,1	104,8,1	56,8,1					104,8,1	104,8,1	120,8,1								232,8,1	192,8,1	232,8,1	192,8,1	80,8,1	184,8,1						176,8,1	176,8,1	96,8,1												
英豪之翠烟双刀	120,8,1	120,8,1							120,8,1	120,8,1	88,8,1	88,8,1						248,8,1	248,8,1	96,8,1						96,8,1	96,8,1	88,8,1					104,8,1	104,8,1	56,8,1					104,8,1	104,8,1	120,8,1								232,8,1	192,8,1	232,8,1	192,8,1	80,8,1	184,8,1						176,8,1	176,8,1	96,8,1												
英豪之五毒手	120,8,1	120,8,1	120,8,1	120,8,1	88,8,1	88,8,1	88,8,1	88,8,1	120,8,1	120,8,1	88,8,1	88,8,1	120,8,1	120,8,1	120,8,1	120,8,1	120,8,1	248,8,1	248,8,1	96,8,1	88,8,1	88,8,1	88,8,1	88,8,1	88,8,1	96,8,1	96,8,1	88,8,1	72,8,1	64,8,1	56,8,1	96,8,1	104,8,1	104,8,1	56,8,1	96,8,1	88,8,1	120,8,1	144,8,1	104,8,1	104,8,1	120,8,1	144,8,1	128,8,1	112,8,1	96,8,1	96,8,1	128,8,1	96,8,1	232,8,1	192,8,1	232,8,1	192,8,1	80,8,1	184,8,1	128,8,1	96,8,1	96,8,1	104,8,1	128,8,1	176,8,1	176,8,1	96,8,1	72,8,1	160,8,1	112,8,1	96,8,1	80,8,1	96,8,1	112,8,1	96,8,1	48,8,1	112,8,1	112,8,1	112,8,1
英豪之五毒刀	120,8,1	120,8,1	120,8,1	120,8,1	88,8,1	88,8,1	88,8,1	88,8,1	120,8,1	120,8,1	88,8,1	88,8,1	120,8,1	120,8,1	120,8,1	120,8,1	120,8,1	248,8,1	248,8,1	96,8,1	88,8,1	88,8,1	88,8,1	88,8,1	88,8,1	96,8,1	96,8,1	88,8,1	72,8,1	64,8,1	56,8,1	96,8,1	104,8,1	104,8,1	56,8,1	96,8,1	88,8,1	120,8,1	144,8,1	104,8,1	104,8,1	120,8,1	144,8,1	128,8,1	112,8,1	96,8,1	96,8,1	128,8,1	96,8,1	232,8,1	192,8,1	232,8,1	192,8,1	80,8,1	184,8,1	128,8,1	96,8,1	96,8,1	104,8,1	128,8,1	176,8,1	176,8,1	96,8,1	72,8,1	160,8,1	112,8,1	96,8,1	80,8,1	96,8,1	112,8,1	96,8,1	48,8,1	112,8,1	112,8,1	112,8,1
英豪之唐门飞刀	120,8,1	120,8,1	120,8,1	120,8,1	88,8,1	88,8,1	88,8,1	88,8,1	120,8,1	120,8,1	88,8,1	88,8,1	120,8,1	120,8,1	120,8,1	120,8,1	120,8,1	248,8,1	248,8,1	96,8,1	88,8,1	88,8,1	88,8,1	88,8,1	88,8,1	96,8,1	96,8,1	88,8,1	72,8,1	64,8,1	56,8,1	96,8,1	104,8,1	104,8,1	56,8,1	96,8,1	88,8,1	120,8,1	144,8,1	104,8,1	104,8,1	120,8,1	144,8,1	128,8,1	112,8,1	96,8,1	96,8,1	128,8,1	96,8,1	232,8,1	192,8,1	232,8,1	192,8,1	80,8,1	184,8,1	128,8,1	96,8,1	96,8,1	104,8,1	128,8,1	176,8,1	176,8,1	96,8,1	72,8,1	160,8,1	112,8,1	96,8,1	80,8,1	96,8,1	112,8,1	96,8,1	48,8,1	112,8,1	112,8,1	112,8,1
英豪之唐门袖箭	120,8,1	120,8,1	120,8,1	120,8,1	88,8,1	88,8,1	88,8,1	88,8,1	120,8,1	120,8,1	88,8,1	88,8,1	120,8,1	120,8,1	120,8,1	120,8,1	120,8,1	248,8,1	248,8,1	96,8,1	88,8,1	88,8,1	88,8,1	88,8,1	88,8,1	96,8,1	96,8,1	88,8,1	72,8,1	64,8,1	56,8,1	96,8,1	104,8,1	104,8,1	56,8,1	96,8,1	88,8,1	120,8,1	144,8,1	104,8,1	104,8,1	120,8,1	144,8,1	128,8,1	112,8,1	96,8,1	96,8,1	128,8,1	96,8,1	232,8,1	192,8,1	232,8,1	192,8,1	80,8,1	184,8,1	128,8,1	96,8,1	96,8,1	104,8,1	128,8,1	176,8,1	176,8,1	96,8,1	72,8,1	160,8,1	112,8,1	96,8,1	80,8,1	96,8,1	112,8,1	96,8,1	48,8,1	112,8,1	112,8,1	112,8,1
英豪之唐门飞镖	120,8,1	120,8,1	120,8,1	120,8,1	88,8,1	88,8,1	88,8,1	88,8,1	120,8,1	120,8,1	88,8,1	88,8,1	120,8,1	120,8,1	120,8,1	120,8,1	120,8,1	248,8,1	248,8,1	96,8,1	88,8,1	88,8,1	88,8,1	88,8,1	88,8,1	96,8,1	96,8,1	88,8,1	72,8,1	64,8,1	56,8,1	96,8,1	104,8,1	104,8,1	56,8,1	96,8,1	88,8,1	120,8,1	144,8,1	104,8,1	104,8,1	120,8,1	144,8,1	128,8,1	112,8,1	96,8,1	96,8,1	128,8,1	96,8,1	232,8,1	192,8,1	232,8,1	192,8,1	80,8,1	184,8,1	128,8,1	96,8,1	96,8,1	104,8,1	128,8,1	176,8,1	176,8,1	96,8,1	72,8,1	160,8,1	112,8,1	96,8,1	80,8,1	96,8,1	112,8,1	96,8,1	48,8,1	112,8,1	112,8,1	112,8,1
英豪之丐帮缠手	120,8,1	120,8,1	120,8,1	120,8,1	88,8,1	88,8,1	88,8,1	88,8,1	120,8,1	120,8,1	88,8,1	88,8,1	120,8,1	120,8,1	120,8,1	120,8,1	120,8,1	248,8,1	248,8,1	96,8,1	88,8,1	88,8,1	88,8,1	88,8,1	88,8,1	96,8,1	96,8,1	88,8,1	72,8,1	64,8,1	56,8,1	96,8,1	104,8,1	104,8,1	56,8,1	96,8,1	88,8,1	120,8,1	144,8,1	104,8,1	104,8,1	120,8,1	144,8,1	128,8,1	112,8,1	96,8,1	96,8,1	128,8,1	96,8,1	232,8,1	192,8,1	232,8,1	192,8,1	80,8,1	184,8,1	128,8,1	96,8,1	96,8,1	104,8,1	128,8,1	176,8,1	176,8,1	96,8,1	72,8,1	160,8,1	112,8,1	96,8,1	80,8,1	96,8,1	112,8,1	96,8,1	48,8,1	112,8,1	112,8,1	112,8,1
英豪之丐帮杖	120,8,1	120,8,1	120,8,1	120,8,1	88,8,1	88,8,1	88,8,1	88,8,1	120,8,1	120,8,1	88,8,1	88,8,1	120,8,1	120,8,1	120,8,1	120,8,1	120,8,1	248,8,1	248,8,1	96,8,1	88,8,1	88,8,1	88,8,1	88,8,1	88,8,1	96,8,1	96,8,1	88,8,1	72,8,1	64,8,1	56,8,1	96,8,1	104,8,1	104,8,1	56,8,1	96,8,1	88,8,1	120,8,1	144,8,1	104,8,1	104,8,1	120,8,1	144,8,1	128,8,1	112,8,1	96,8,1	96,8,1	128,8,1	96,8,1	232,8,1	192,8,1	232,8,1	192,8,1	80,8,1	184,8,1	128,8,1	96,8,1	96,8,1	104,8,1	128,8,1	176,8,1	176,8,1	96,8,1	72,8,1	160,8,1	112,8,1	96,8,1	80,8,1	96,8,1	112,8,1	96,8,1	48,8,1	112,8,1	112,8,1	112,8,1
英豪之天忍枪	120,8,1	120,8,1	120,8,1	120,8,1	88,8,1	88,8,1	88,8,1	88,8,1	120,8,1	120,8,1	88,8,1	88,8,1	120,8,1	120,8,1	120,8,1	120,8,1	120,8,1	248,8,1	248,8,1	96,8,1	88,8,1	88,8,1	88,8,1	88,8,1	88,8,1	96,8,1	96,8,1	88,8,1	72,8,1	64,8,1	56,8,1	96,8,1	104,8,1	104,8,1	56,8,1	96,8,1	88,8,1	120,8,1	144,8,1	104,8,1	104,8,1	120,8,1	144,8,1	128,8,1	112,8,1	96,8,1	96,8,1	128,8,1	96,8,1	232,8,1	192,8,1	232,8,1	192,8,1	80,8,1	184,8,1	128,8,1	96,8,1	96,8,1	104,8,1	128,8,1	176,8,1	176,8,1	96,8,1	72,8,1	160,8,1	112,8,1	96,8,1	80,8,1	96,8,1	112,8,1	96,8,1	48,8,1	112,8,1	112,8,1	112,8,1
英豪之天忍刀	120,8,1	120,8,1	120,8,1	120,8,1	88,8,1	88,8,1	88,8,1	88,8,1	120,8,1	120,8,1	88,8,1	88,8,1	120,8,1	120,8,1	120,8,1	120,8,1	120,8,1	248,8,1	248,8,1	96,8,1	88,8,1	88,8,1	88,8,1	88,8,1	88,8,1	96,8,1	96,8,1	88,8,1	72,8,1	64,8,1	56,8,1	96,8,1	104,8,1	104,8,1	56,8,1	96,8,1	88,8,1	120,8,1	144,8,1	104,8,1	104,8,1	120,8,1	144,8,1	128,8,1	112,8,1	96,8,1	96,8,1	128,8,1	96,8,1	232,8,1	192,8,1	232,8,1	192,8,1	80,8,1	184,8,1	128,8,1	96,8,1	96,8,1	104,8,1	128,8,1	176,8,1	176,8,1	96,8,1	72,8,1	160,8,1	112,8,1	96,8,1	80,8,1	96,8,1	112,8,1	96,8,1	48,8,1	112,8,1	112,8,1	112,8,1
英豪之武当剑	120,8,1	120,8,1	120,8,1	120,8,1	88,8,1	88,8,1	88,8,1	88,8,1	120,8,1	120,8,1	88,8,1	88,8,1	120,8,1	120,8,1	120,8,1	120,8,1	120,8,1	248,8,1	248,8,1	96,8,1	88,8,1	88,8,1	88,8,1	88,8,1	88,8,1	96,8,1	96,8,1	88,8,1	72,8,1	64,8,1	56,8,1	96,8,1	104,8,1	104,8,1	56,8,1	96,8,1	88,8,1	120,8,1	144,8,1	104,8,1	104,8,1	120,8,1	144,8,1	128,8,1	112,8,1	96,8,1	96,8,1	128,8,1	96,8,1	232,8,1	192,8,1	232,8,1	192,8,1	80,8,1	184,8,1	128,8,1	96,8,1	96,8,1	104,8,1	128,8,1	176,8,1	176,8,1	96,8,1	72,8,1	160,8,1	112,8,1	96,8,1	80,8,1	96,8,1	112,8,1	96,8,1	48,8,1	112,8,1	112,8,1	112,8,1
英豪之武当剑	120,8,1	120,8,1	120,8,1	120,8,1	88,8,1	88,8,1	88,8,1	88,8,1	120,8,1	120,8,1	88,8,1	88,8,1	120,8,1	120,8,1	120,8,1	120,8,1	120,8,1	248,8,1	248,8,1	96,8,1	88,8,1	88,8,1	88,8,1	88,8,1	88,8,1	96,8,1	96,8,1	88,8,1	72,8,1	64,8,1	56,8,1	96,8,1	104,8,1	104,8,1	56,8,1	96,8,1	88,8,1	120,8,1	144,8,1	104,8,1	104,8,1	120,8,1	144,8,1	128,8,1	112,8,1	96,8,1	96,8,1	128,8,1	96,8,1	232,8,1	192,8,1	232,8,1	192,8,1	80,8,1	184,8,1	128,8,1	96,8,1	96,8,1	104,8,1	128,8,1	176,8,1	176,8,1	96,8,1	72,8,1	160,8,1	112,8,1	96,8,1	80,8,1	96,8,1	112,8,1	96,8,1	48,8,1	112,8,1	112,8,1	112,8,1
英豪之昆仑刀	120,8,1	120,8,1	120,8,1	120,8,1	88,8,1	88,8,1	88,8,1	88,8,1	120,8,1	120,8,1	88,8,1	88,8,1	120,8,1	120,8,1	120,8,1	120,8,1	120,8,1	248,8,1	248,8,1	96,8,1	88,8,1	88,8,1	88,8,1	88,8,1	88,8,1	96,8,1	96,8,1	88,8,1	72,8,1	64,8,1	56,8,1	96,8,1	104,8,1	104,8,1	56,8,1	96,8,1	88,8,1	120,8,1	144,8,1	104,8,1	104,8,1	120,8,1	144,8,1	128,8,1	112,8,1	96,8,1	96,8,1	128,8,1	96,8,1	232,8,1	192,8,1	232,8,1	192,8,1	80,8,1	184,8,1	128,8,1	96,8,1	96,8,1	104,8,1	128,8,1	176,8,1	176,8,1	96,8,1	72,8,1	160,8,1	112,8,1	96,8,1	80,8,1	96,8,1	112,8,1	96,8,1	48,8,1	112,8,1	112,8,1	112,8,1
英豪之昆仑剑	120,8,1	120,8,1	120,8,1	120,8,1	88,8,1	88,8,1	88,8,1	88,8,1	120,8,1	120,8,1	88,8,1	88,8,1	120,8,1	120,8,1	120,8,1	120,8,1	120,8,1	248,8,1	248,8,1	96,8,1	88,8,1	88,8,1	88,8,1	88,8,1	88,8,1	96,8,1	96,8,1	88,8,1	72,8,1	64,8,1	56,8,1	96,8,1	104,8,1	104,8,1	56,8,1	96,8,1	88,8,1	120,8,1	144,8,1	104,8,1	104,8,1	120,8,1	144,8,1	128,8,1	112,8,1	96,8,1	96,8,1	128,8,1	96,8,1	232,8,1	192,8,1	232,8,1	192,8,1	80,8,1	184,8,1	128,8,1	96,8,1	96,8,1	104,8,1	128,8,1	176,8,1	176,8,1	96,8,1	72,8,1	160,8,1	112,8,1	96,8,1	80,8,1	96,8,1	112,8,1	96,8,1	48,8,1	112,8,1	112,8,1	112,8,1
英豪之华山剑	120,8,1	120,8,1	120,8,1	120,8,1	88,8,1	88,8,1	88,8,1	88,8,1	120,8,1	120,8,1	88,8,1	88,8,1	120,8,1	120,8,1	120,8,1	120,8,1	120,8,1	248,8,1	248,8,1	96,8,1	88,8,1	88,8,1	88,8,1	88,8,1	88,8,1	96,8,1	96,8,1	88,8,1	72,8,1	64,8,1	56,8,1	96,8,1	104,8,1	104,8,1	56,8,1	96,8,1	88,8,1	120,8,1	144,8,1	104,8,1	104,8,1	120,8,1	144,8,1	128,8,1	112,8,1	96,8,1	96,8,1	128,8,1	96,8,1	232,8,1	192,8,1	232,8,1	192,8,1	80,8,1	184,8,1	128,8,1	96,8,1	96,8,1	104,8,1	128,8,1	176,8,1	176,8,1	96,8,1	72,8,1	160,8,1	112,8,1	96,8,1	80,8,1	96,8,1	112,8,1	96,8,1	48,8,1	112,8,1	112,8,1	112,8,1
英豪之华山剑	120,8,1	120,8,1	120,8,1	120,8,1	88,8,1	88,8,1	88,8,1	88,8,1	120,8,1	120,8,1	88,8,1	88,8,1	120,8,1	120,8,1	120,8,1	120,8,1	120,8,1	248,8,1	248,8,1	96,8,1	88,8,1	88,8,1	88,8,1	88,8,1	88,8,1	96,8,1	96,8,1	88,8,1	72,8,1	64,8,1	56,8,1	96,8,1	104,8,1	104,8,1	56,8,1	96,8,1	88,8,1	120,8,1	144,8,1	104,8,1	104,8,1	120,8,1	144,8,1	128,8,1	112,8,1	96,8,1	96,8,1	128,8,1	96,8,1	232,8,1	192,8,1	232,8,1	192,8,1	80,8,1	184,8,1	128,8,1	96,8,1	96,8,1	104,8,1	128,8,1	176,8,1	176,8,1	96,8,1	72,8,1	160,8,1	112,8,1	96,8,1	80,8,1	96,8,1	112,8,1	96,8,1	48,8,1	112,8,1	112,8,1	112,8,1
英豪之武魂盾	120,8,1	120,8,1	120,8,1	120,8,1	88,8,1	88,8,1	88,8,1	88,8,1	120,8,1	120,8,1	88,8,1	88,8,1	120,8,1	120,8,1	120,8,1	120,8,1	120,8,1	248,8,1	248,8,1	96,8,1	88,8,1	88,8,1	88,8,1	88,8,1	88,8,1	96,8,1	96,8,1	88,8,1	72,8,1	64,8,1	56,8,1	96,8,1	104,8,1	104,8,1	56,8,1	104,8,1	96,8,1	128,8,1	144,8,1	104,8,1	104,8,1	120,8,1	144,8,1	128,8,1	112,8,1	96,8,1	96,8,1	128,8,1	96,8,1	232,8,1	192,8,1	232,8,1	192,8,1	80,8,1	184,8,1	128,8,1	96,8,1	96,8,1	104,8,1	128,8,1	176,8,1	176,8,1	96,8,1	72,8,1	160,8,1	112,8,1	96,8,1	80,8,1	96,8,1	112,8,1	96,8,1	48,8,1	112,8,1	112,8,1	112,8,1
英豪之武魂刀	120,8,1	120,8,1	120,8,1	120,8,1	88,8,1	88,8,1	88,8,1	88,8,1	120,8,1	120,8,1	88,8,1	88,8,1	120,8,1	120,8,1	120,8,1	120,8,1	120,8,1	248,8,1	248,8,1	96,8,1	88,8,1	88,8,1	88,8,1	88,8,1	88,8,1	96,8,1	96,8,1	88,8,1	72,8,1	64,8,1	56,8,1	96,8,1	104,8,1	104,8,1	56,8,1	104,8,1	96,8,1	128,8,1	144,8,1	104,8,1	104,8,1	120,8,1	144,8,1	128,8,1	112,8,1	96,8,1	96,8,1	128,8,1	96,8,1	232,8,1	192,8,1	232,8,1	192,8,1	80,8,1	184,8,1	128,8,1	96,8,1	96,8,1	104,8,1	128,8,1	176,8,1	176,8,1	96,8,1	72,8,1	160,8,1	112,8,1	96,8,1	80,8,1	96,8,1	112,8,1	96,8,1	48,8,1	112,8,1	112,8,1	112,8,1
逍遥套装1	120,8,1	120,8,1	120,8,1	120,8,1	88,8,1	88,8,1	88,8,1	88,8,1	120,8,1	120,8,1	88,8,1	88,8,1	120,8,1	120,8,1	120,8,1	120,8,1	120,8,1	248,8,1	248,8,1	96,8,1	88,8,1	88,8,1	88,8,1	88,8,1	88,8,1	96,8,1	96,8,1	88,8,1	72,8,1	64,8,1	56,8,1	96,8,1	104,8,1	104,8,1	56,8,1	96,8,1	88,8,1	120,8,1	144,8,1	104,8,1	104,8,1	120,8,1	144,8,1	128,8,1	112,8,1	96,8,1	96,8,1	128,8,1	96,8,1	232,8,1	192,8,1	232,8,1	192,8,1	80,8,1	184,8,1	128,8,1	96,8,1	96,8,1	104,8,1	128,8,1	176,8,1	176,8,1	96,8,1	72,8,1	160,8,1	112,8,1	96,8,1	80,8,1	96,8,1	112,8,1	96,8,1	48,8,1	112,8,1	112,8,1	112,8,1
逍遥套装2	120,8,1	120,8,1	120,8,1	120,8,1	88,8,1	88,8,1	88,8,1	88,8,1	120,8,1	120,8,1	88,8,1	88,8,1	120,8,1	120,8,1	120,8,1	120,8,1	120,8,1	248,8,1	248,8,1	96,8,1	88,8,1	88,8,1	88,8,1	88,8,1	88,8,1	96,8,1	96,8,1	88,8,1	72,8,1	64,8,1	56,8,1	96,8,1	104,8,1	104,8,1	56,8,1	96,8,1	88,8,1	120,8,1	144,8,1	104,8,1	104,8,1	120,8,1	144,8,1	128,8,1	112,8,1	96,8,1	96,8,1	128,8,1	96,8,1	232,8,1	192,8,1	232,8,1	192,8,1	80,8,1	184,8,1	128,8,1	96,8,1	96,8,1	104,8,1	128,8,1	176,8,1	176,8,1	96,8,1	72,8,1	160,8,1	112,8,1	96,8,1	80,8,1	96,8,1	112,8,1	96,8,1	48,8,1	112,8,1	112,8,1	112,8,1
逍遥套装3	120,8,1	120,8,1	120,8,1	120,8,1	88,8,1	88,8,1	88,8,1	88,8,1	120,8,1	120,8,1	88,8,1	88,8,1	120,8,1	120,8,1	120,8,1	120,8,1	120,8,1	248,8,1	248,8,1	96,8,1	88,8,1	88,8,1	88,8,1	88,8,1	88,8,1	96,8,1	96,8,1	88,8,1	72,8,1	64,8,1	56,8,1	96,8,1	104,8,1	104,8,1	56,8,1	96,8,1	88,8,1	120,8,1	144,8,1	104,8,1	104,8,1	120,8,1	144,8,1	128,8,1	112,8,1	96,8,1	96,8,1	128,8,1	96,8,1	232,8,1	192,8,1	232,8,1	192,8,1	80,8,1	184,8,1	128,8,1	96,8,1	96,8,1	104,8,1	128,8,1	176,8,1	176,8,1	96,8,1	72,8,1	160,8,1	112,8,1	96,8,1	80,8,1	96,8,1	112,8,1	96,8,1	48,8,1	112,8,1	112,8,1	112,8,1
逍遥套装4	120,8,1	120,8,1	120,8,1	120,8,1	88,8,1	88,8,1	88,8,1	88,8,1	120,8,1	120,8,1	88,8,1	88,8,1	120,8,1	120,8,1	120,8,1	120,8,1	120,8,1	248,8,1	248,8,1	96,8,1	88,8,1	88,8,1	88,8,1	88,8,1	88,8,1	96,8,1	96,8,1	88,8,1	72,8,1	64,8,1	56,8,1	96,8,1	104,8,1	104,8,1	56,8,1	96,8,1	88,8,1	120,8,1	144,8,1	104,8,1	104,8,1	120,8,1	144,8,1	128,8,1	112,8,1	96,8,1	96,8,1	128,8,1	96,8,1	232,8,1	192,8,1	232,8,1	192,8,1	80,8,1	184,8,1	128,8,1	96,8,1	96,8,1	104,8,1	128,8,1	176,8,1	176,8,1	96,8,1	72,8,1	160,8,1	112,8,1	96,8,1	80,8,1	96,8,1	112,8,1	96,8,1	48,8,1	112,8,1	112,8,1	112,8,1
