EqName	SwordShieldWFreeStand	ShieldSwordWFreeStand	FreeStand1	FreeStand2	FreeStand3	MeleeWStand	RangeWStand	DoubleWStand	SwordShieldWStand	ShieldSwordWStand	GuqinWStand1	GuqinWStand2	FreeWalk	NormalWalk	MeleeWWalk	RangeWWalk	DoubleWWalk	SwordShieldWWalk	ShieldSwordWWalk	GuqinWWalk	FreeRun	NormalRun	MeleeWRun	RangeWRun	DoubleWRun	SwordShieldWRun	ShieldSwordWRun	GuqinWRun	FreeWound	MeleeWWound	RangeWWound	DoubleWWound	SwordShieldWWound	ShieldSwordWWound	GuqinWWound	FreeDie	MeleeWDie	RangeWDie	DoubleWDie	SwordShieldWDie	ShieldSwordWDie	GuqinWDie	FreeAttack	MeleeWPuncture	MeleeWCut	RangeWPuncture	RangeWCut	DoubleWPull	DoubleWPound	SwordShieldWChop	SwordShieldWCut	ShieldSwordWChop	ShieldSwordWCut	GuqinWPuncture	GuqinWCut	DartThrow	FreeMagic	MeleeWMagic	RangeWMagic	DoubleWMagic	SwordShieldWMagic	ShieldSwordWMagic	GuqinWMagic	SitDown	Jump	RideStand	RideWalk	RideRun	RideCut	RidePuncture	RideMagic	RideWound	RideDie	RideStand1	RideStand2
空手			80,8,1	64,8,1	64,8,1	96,8,1	64,8,1	64,8,1	120,8,1	120,8,1			96,8,1	96,8,1	96,8,1	96,8,1	96,8,1	248,8,1	248,8,1		96,8,1	96,8,1	96,8,1	96,8,1	96,8,1	96,8,1	96,8,1		64,8,1	64,8,1	48,8,1	48,8,1	104,8,1	104,8,1		104,8,1	120,8,1	80,8,1	80,8,1	96,8,1	96,8,1		96,8,1	104,8,1	104,8,1	104,8,1	96,8,1	128,8,1	96,8,1	232,8,1	192,8,1	232,8,1	192,8,1			96,8,1	96,8,1	80,8,1	96,8,1	80,8,1	176,8,1	176,8,1		96,8,1	112,8,1	112,8,1	96,8,1	80,8,1	96,8,1	112,8,1	96,8,1	48,8,1	112,8,1	112,8,1	112,8,1
单手剑1			80,8,1	64,8,1	64,8,1	96,8,1							96,8,1	96,8,1	96,8,1						96,8,1	96,8,1	96,8,1						64,8,1	64,8,1						104,8,1	120,8,1						96,8,1	104,8,1	104,8,1												96,8,1	80,8,1						96,8,1	112,8,1	112,8,1	96,8,1	80,8,1	96,8,1	112,8,1	96,8,1	48,8,1	112,8,1	112,8,1	112,8,1
单手剑2			80,8,1	64,8,1	64,8,1	96,8,1							96,8,1	96,8,1	96,8,1						96,8,1	96,8,1	96,8,1						64,8,1	64,8,1						104,8,1	120,8,1						96,8,1	104,8,1	104,8,1												96,8,1	80,8,1						96,8,1	112,8,1	112,8,1	96,8,1	80,8,1	96,8,1	112,8,1	96,8,1	48,8,1	112,8,1	112,8,1	112,8,1
单手剑3			80,8,1	64,8,1	64,8,1	96,8,1							96,8,1	96,8,1	96,8,1						96,8,1	96,8,1	96,8,1						64,8,1	64,8,1						104,8,1	120,8,1						96,8,1	104,8,1	104,8,1												96,8,1	80,8,1						96,8,1	112,8,1	112,8,1	96,8,1	80,8,1	96,8,1	112,8,1	96,8,1	48,8,1	112,8,1	112,8,1	112,8,1
单手刀1			80,8,1	64,8,1	64,8,1	96,8,1							96,8,1	96,8,1	96,8,1						96,8,1	96,8,1	96,8,1						64,8,1	64,8,1						104,8,1	120,8,1						96,8,1	104,8,1	104,8,1												96,8,1	80,8,1						96,8,1	112,8,1	112,8,1	96,8,1	80,8,1	96,8,1	112,8,1	96,8,1	48,8,1	112,8,1	112,8,1	112,8,1
单手刀2			80,8,1	64,8,1	64,8,1	96,8,1							96,8,1	96,8,1	96,8,1						96,8,1	96,8,1	96,8,1						64,8,1	64,8,1						104,8,1	120,8,1						96,8,1	104,8,1	104,8,1												96,8,1	80,8,1						96,8,1	112,8,1	112,8,1	96,8,1	80,8,1	96,8,1	112,8,1	96,8,1	48,8,1	112,8,1	112,8,1	112,8,1
单手刀3			80,8,1	64,8,1	64,8,1	96,8,1							96,8,1	96,8,1	96,8,1						96,8,1	96,8,1	96,8,1						64,8,1	64,8,1						104,8,1	120,8,1						96,8,1	104,8,1	104,8,1												96,8,1	80,8,1						96,8,1	112,8,1	112,8,1	96,8,1	80,8,1	96,8,1	112,8,1	96,8,1	48,8,1	112,8,1	112,8,1	112,8,1
长枪类1			80,8,1	64,8,1	64,8,1		64,8,1						96,8,1	96,8,1		96,8,1					96,8,1	96,8,1		96,8,1					64,8,1		48,8,1					104,8,1		80,8,1					96,8,1			104,8,1	96,8,1										96,8,1		96,8,1					96,8,1	112,8,1	112,8,1	96,8,1	80,8,1	96,8,1	112,8,1	96,8,1	48,8,1	112,8,1	112,8,1	112,8,1
长枪类2			80,8,1	64,8,1	64,8,1		64,8,1						96,8,1	96,8,1		96,8,1					96,8,1	96,8,1		96,8,1					64,8,1		48,8,1					104,8,1		80,8,1					96,8,1			104,8,1	96,8,1										96,8,1		96,8,1					96,8,1	112,8,1	112,8,1	96,8,1	80,8,1	96,8,1	112,8,1	96,8,1	48,8,1	112,8,1	112,8,1	112,8,1
长枪类3			80,8,1	64,8,1	64,8,1		64,8,1						96,8,1	96,8,1		96,8,1					96,8,1	96,8,1		96,8,1					64,8,1		48,8,1					104,8,1		80,8,1					96,8,1			104,8,1	96,8,1										96,8,1		96,8,1					96,8,1	112,8,1	112,8,1	96,8,1	80,8,1	96,8,1	112,8,1	96,8,1	48,8,1	112,8,1	112,8,1	112,8,1
长棍类1			80,8,1	64,8,1	64,8,1		64,8,1						96,8,1	96,8,1		96,8,1					96,8,1	96,8,1		96,8,1					64,8,1		48,8,1					104,8,1		80,8,1					96,8,1			104,8,1	96,8,1										96,8,1		96,8,1					96,8,1	112,8,1	112,8,1	96,8,1	80,8,1	96,8,1	112,8,1	96,8,1	48,8,1	112,8,1	112,8,1	112,8,1
长棍类2			80,8,1	64,8,1	64,8,1		64,8,1						96,8,1	96,8,1		96,8,1					96,8,1	96,8,1		96,8,1					64,8,1		48,8,1					104,8,1		80,8,1					96,8,1			104,8,1	96,8,1										96,8,1		96,8,1					96,8,1	112,8,1	112,8,1	96,8,1	80,8,1	96,8,1	112,8,1	96,8,1	48,8,1	112,8,1	112,8,1	112,8,1
长棍类3			80,8,1	64,8,1	64,8,1		64,8,1						96,8,1	96,8,1		96,8,1					96,8,1	96,8,1		96,8,1					64,8,1		48,8,1					104,8,1		80,8,1					96,8,1			104,8,1	96,8,1										96,8,1		96,8,1					96,8,1	112,8,1	112,8,1	96,8,1	80,8,1	96,8,1	112,8,1	96,8,1	48,8,1	112,8,1	112,8,1	112,8,1
双剑类1			80,8,1	64,8,1	64,8,1			64,8,1					96,8,1	96,8,1			96,8,1				96,8,1	96,8,1			96,8,1				64,8,1			48,8,1				104,8,1			80,8,1				96,8,1					128,8,1	96,8,1								96,8,1			80,8,1				96,8,1	112,8,1	112,8,1	96,8,1	80,8,1	96,8,1	112,8,1	96,8,1	48,8,1	112,8,1	112,8,1	112,8,1
双剑类2			80,8,1	64,8,1	64,8,1			64,8,1					96,8,1	96,8,1			96,8,1				96,8,1	96,8,1			96,8,1				64,8,1			48,8,1				104,8,1			80,8,1				96,8,1					128,8,1	96,8,1								96,8,1			80,8,1				96,8,1	112,8,1	112,8,1	96,8,1	80,8,1	96,8,1	112,8,1	96,8,1	48,8,1	112,8,1	112,8,1	112,8,1
双剑类3			80,8,1	64,8,1	64,8,1			64,8,1					96,8,1	96,8,1			96,8,1				96,8,1	96,8,1			96,8,1				64,8,1			48,8,1				104,8,1			80,8,1				96,8,1					128,8,1	96,8,1								96,8,1			80,8,1				96,8,1	112,8,1	112,8,1	96,8,1	80,8,1	96,8,1	112,8,1	96,8,1	48,8,1	112,8,1	112,8,1	112,8,1
双锤类1			80,8,1	64,8,1	64,8,1			64,8,1					96,8,1	96,8,1			96,8,1				96,8,1	96,8,1			96,8,1				64,8,1			48,8,1				104,8,1			80,8,1				96,8,1					128,8,1	96,8,1								96,8,1			80,8,1				96,8,1	112,8,1	112,8,1	96,8,1	80,8,1	96,8,1	112,8,1	96,8,1	48,8,1	112,8,1	112,8,1	112,8,1
双锤类2			80,8,1	64,8,1	64,8,1			64,8,1					96,8,1	96,8,1			96,8,1				96,8,1	96,8,1			96,8,1				64,8,1			48,8,1				104,8,1			80,8,1				96,8,1					128,8,1	96,8,1								96,8,1			80,8,1				96,8,1	112,8,1	112,8,1	96,8,1	80,8,1	96,8,1	112,8,1	96,8,1	48,8,1	112,8,1	112,8,1	112,8,1
双锤类3			80,8,1	64,8,1	64,8,1			64,8,1					96,8,1	96,8,1			96,8,1				96,8,1	96,8,1			96,8,1				64,8,1			48,8,1				104,8,1			80,8,1				96,8,1					128,8,1	96,8,1								96,8,1			80,8,1				96,8,1	112,8,1	112,8,1	96,8,1	80,8,1	96,8,1	112,8,1	96,8,1	48,8,1	112,8,1	112,8,1	112,8,1
暗器			80,8,1	64,8,1	64,8,1	96,8,1	64,8,1	64,8,1					96,8,1	96,8,1	96,8,1	96,8,1	96,8,1				96,8,1	96,8,1	96,8,1	96,8,1	96,8,1				64,8,1	64,8,1	48,8,1	48,8,1				104,8,1	120,8,1	80,8,1	80,8,1				96,8,1	104,8,1	104,8,1	104,8,1	96,8,1	128,8,1	96,8,1							96,8,1	96,8,1	80,8,1	96,8,1	80,8,1				96,8,1	112,8,1	112,8,1	96,8,1	80,8,1	96,8,1	112,8,1	96,8,1	48,8,1	112,8,1	112,8,1	112,8,1
单手剑4			80,8,1	64,8,1	64,8,1	96,8,1							96,8,1	96,8,1	96,8,1	96,8,1	96,8,1				96,8,1	96,8,1	96,8,1	96,8,1	96,8,1				64,8,1	64,8,1						104,8,1	120,8,1						96,8,1	104,8,1	104,8,1	104,8,1			96,8,1								96,8,1	80,8,1						96,8,1	112,8,1	112,8,1	96,8,1	80,8,1	96,8,1	112,8,1	96,8,1	48,8,1	112,8,1	112,8,1	112,8,1
单手剑5			80,8,1	64,8,1	64,8,1	96,8,1							96,8,1	96,8,1	96,8,1						96,8,1	96,8,1	96,8,1						64,8,1	64,8,1						104,8,1	120,8,1						96,8,1	104,8,1	104,8,1												96,8,1	80,8,1						96,8,1	112,8,1	112,8,1	96,8,1	80,8,1	96,8,1	112,8,1	96,8,1	48,8,1	112,8,1	112,8,1	112,8,1
单手刀4			80,8,1	64,8,1	64,8,1	96,8,1							96,8,1	96,8,1	96,8,1						96,8,1	96,8,1	96,8,1						64,8,1	64,8,1						104,8,1	120,8,1						96,8,1	104,8,1	104,8,1												96,8,1	80,8,1						96,8,1	112,8,1	112,8,1	96,8,1	80,8,1	96,8,1	112,8,1	96,8,1	48,8,1	112,8,1	112,8,1	112,8,1
单手刀5			80,8,1	64,8,1	64,8,1	96,8,1							96,8,1	96,8,1	96,8,1						96,8,1	96,8,1	96,8,1						64,8,1	64,8,1						104,8,1	120,8,1						96,8,1	104,8,1	104,8,1												96,8,1	80,8,1						96,8,1	112,8,1	112,8,1	96,8,1	80,8,1	96,8,1	112,8,1	96,8,1	48,8,1	112,8,1	112,8,1	112,8,1
长枪类4			80,8,1	64,8,1	64,8,1		64,8,1						96,8,1	96,8,1		96,8,1					96,8,1	96,8,1		96,8,1					64,8,1		48,8,1					104,8,1		80,8,1					96,8,1			104,8,1	96,8,1										96,8,1		96,8,1					96,8,1	112,8,1	112,8,1	96,8,1	80,8,1	96,8,1	112,8,1	96,8,1	48,8,1	112,8,1	112,8,1	112,8,1
长枪类5			80,8,1	64,8,1	64,8,1		64,8,1						96,8,1	96,8,1		96,8,1					96,8,1	96,8,1		96,8,1					64,8,1		48,8,1					104,8,1		80,8,1					96,8,1			104,8,1	96,8,1										96,8,1		96,8,1					96,8,1	112,8,1	112,8,1	96,8,1	80,8,1	96,8,1	112,8,1	96,8,1	48,8,1	112,8,1	112,8,1	112,8,1
长棍类4			80,8,1	64,8,1	64,8,1		64,8,1						96,8,1	96,8,1		96,8,1					96,8,1	96,8,1		96,8,1					64,8,1		48,8,1					104,8,1		80,8,1					96,8,1			104,8,1	96,8,1										96,8,1		96,8,1					96,8,1	112,8,1	112,8,1	96,8,1	80,8,1	96,8,1	112,8,1	96,8,1	48,8,1	112,8,1	112,8,1	112,8,1
长棍类5			80,8,1	64,8,1	64,8,1		64,8,1						96,8,1	96,8,1		96,8,1					96,8,1	96,8,1		96,8,1					64,8,1		48,8,1					104,8,1		80,8,1					96,8,1			104,8,1	96,8,1										96,8,1		96,8,1					96,8,1	112,8,1	112,8,1	96,8,1	80,8,1	96,8,1	112,8,1	96,8,1	48,8,1	112,8,1	112,8,1	112,8,1
双剑类4			80,8,1	64,8,1	64,8,1			64,8,1					96,8,1	96,8,1			96,8,1				96,8,1	96,8,1			96,8,1				64,8,1			48,8,1				104,8,1			80,8,1				96,8,1					128,8,1	96,8,1								96,8,1			80,8,1				96,8,1	112,8,1	112,8,1	96,8,1	80,8,1	96,8,1	112,8,1	96,8,1	48,8,1	112,8,1	112,8,1	112,8,1
双剑类5			80,8,1	64,8,1	64,8,1			64,8,1					96,8,1	96,8,1			96,8,1				96,8,1	96,8,1			96,8,1				64,8,1			48,8,1				104,8,1			80,8,1				96,8,1					128,8,1	96,8,1								96,8,1			80,8,1				96,8,1	112,8,1	112,8,1	96,8,1	80,8,1	96,8,1	112,8,1	96,8,1	48,8,1	112,8,1	112,8,1	112,8,1
双锤类4			80,8,1	64,8,1	64,8,1			64,8,1					96,8,1	96,8,1			96,8,1				96,8,1	96,8,1			96,8,1				64,8,1			48,8,1				104,8,1			80,8,1				96,8,1					128,8,1	96,8,1								96,8,1			80,8,1				96,8,1	112,8,1	112,8,1	96,8,1	80,8,1	96,8,1	112,8,1	96,8,1	48,8,1	112,8,1	112,8,1	112,8,1
双锤类5			80,8,1	64,8,1	64,8,1			64,8,1					96,8,1	96,8,1			96,8,1				96,8,1	96,8,1			96,8,1				64,8,1			48,8,1				104,8,1			80,8,1				96,8,1					128,8,1	96,8,1								96,8,1			80,8,1				96,8,1	112,8,1	112,8,1	96,8,1	80,8,1	96,8,1	112,8,1	96,8,1	48,8,1	112,8,1	112,8,1	112,8,1
单手刀6(金系)			80,8,1	64,8,1	64,8,1	96,8,1							96,8,1	96,8,1	96,8,1						96,8,1	96,8,1	96,8,1						64,8,1	64,8,1						104,8,1	120,8,1						96,8,1	104,8,1	104,8,1												96,8,1	80,8,1						96,8,1	112,8,1	112,8,1	96,8,1	80,8,1	96,8,1	112,8,1	96,8,1	48,8,1	112,8,1	112,8,1	112,8,1
单手刀7(水系)			80,8,1	64,8,1	64,8,1	96,8,1							96,8,1	96,8,1	96,8,1						96,8,1	96,8,1	96,8,1						64,8,1	64,8,1						104,8,1	120,8,1						96,8,1	104,8,1	104,8,1												96,8,1	80,8,1						96,8,1	112,8,1	112,8,1	96,8,1	80,8,1	96,8,1	112,8,1	96,8,1	48,8,1	112,8,1	112,8,1	112,8,1
单手刀8(木系)			80,8,1	64,8,1	64,8,1	96,8,1							96,8,1	96,8,1	96,8,1						96,8,1	96,8,1	96,8,1						64,8,1	64,8,1						104,8,1	120,8,1						96,8,1	104,8,1	104,8,1												96,8,1	80,8,1						96,8,1	112,8,1	112,8,1	96,8,1	80,8,1	96,8,1	112,8,1	96,8,1	48,8,1	112,8,1	112,8,1	112,8,1
单手刀9(土系)			80,8,1	64,8,1	64,8,1	96,8,1							96,8,1	96,8,1	96,8,1						96,8,1	96,8,1	96,8,1						64,8,1	64,8,1						104,8,1	120,8,1						96,8,1	104,8,1	104,8,1												96,8,1	80,8,1						96,8,1	112,8,1	112,8,1	96,8,1	80,8,1	96,8,1	112,8,1	96,8,1	48,8,1	112,8,1	112,8,1	112,8,1
单手剑6(水系)			80,8,1	64,8,1	64,8,1	96,8,1							96,8,1	96,8,1	96,8,1						96,8,1	96,8,1	96,8,1						64,8,1	64,8,1						104,8,1	120,8,1						96,8,1	104,8,1	104,8,1												96,8,1	80,8,1						96,8,1	112,8,1	112,8,1	96,8,1	80,8,1	96,8,1	112,8,1	96,8,1	48,8,1	112,8,1	112,8,1	112,8,1
单手剑7(土系)			80,8,1	64,8,1	64,8,1	96,8,1							96,8,1	96,8,1	96,8,1						96,8,1	96,8,1	96,8,1						64,8,1	64,8,1						104,8,1	120,8,1						96,8,1	104,8,1	104,8,1												96,8,1	80,8,1						96,8,1	112,8,1	112,8,1	96,8,1	80,8,1	96,8,1	112,8,1	96,8,1	48,8,1	112,8,1	112,8,1	112,8,1
长枪类6(金系)			80,8,1	64,8,1	64,8,1		64,8,1						96,8,1	96,8,1		96,8,1					96,8,1	96,8,1		96,8,1					64,8,1		48,8,1					104,8,1		80,8,1					96,8,1			104,8,1	96,8,1										96,8,1		96,8,1					96,8,1	112,8,1	112,8,1	96,8,1	80,8,1	96,8,1	112,8,1	96,8,1	48,8,1	112,8,1	112,8,1	112,8,1
长枪类7(火系)			80,8,1	64,8,1	64,8,1		64,8,1						96,8,1	96,8,1		96,8,1					96,8,1	96,8,1		96,8,1					64,8,1		48,8,1					104,8,1		80,8,1					96,8,1			104,8,1	96,8,1										96,8,1		96,8,1					96,8,1	112,8,1	112,8,1	96,8,1	80,8,1	96,8,1	112,8,1	96,8,1	48,8,1	112,8,1	112,8,1	112,8,1
长棍类6(金系)			80,8,1	64,8,1	64,8,1		64,8,1						96,8,1	96,8,1		96,8,1					96,8,1	96,8,1		96,8,1					64,8,1		48,8,1					104,8,1		80,8,1					96,8,1			104,8,1	96,8,1										96,8,1		96,8,1					96,8,1	112,8,1	112,8,1	96,8,1	80,8,1	96,8,1	112,8,1	96,8,1	48,8,1	112,8,1	112,8,1	112,8,1
长棍类7(火系)			80,8,1	64,8,1	64,8,1		64,8,1						96,8,1	96,8,1		96,8,1					96,8,1	96,8,1		96,8,1					64,8,1		48,8,1					104,8,1		80,8,1					96,8,1			104,8,1	96,8,1										96,8,1		96,8,1					96,8,1	112,8,1	112,8,1	96,8,1	80,8,1	96,8,1	112,8,1	96,8,1	48,8,1	112,8,1	112,8,1	112,8,1
双剑类6(水系)			80,8,1	64,8,1	64,8,1			64,8,1					96,8,1	96,8,1			96,8,1				96,8,1	96,8,1			96,8,1				64,8,1			48,8,1				104,8,1			80,8,1				96,8,1					128,8,1	96,8,1								96,8,1			80,8,1				96,8,1	112,8,1	112,8,1	96,8,1	80,8,1	96,8,1	112,8,1	96,8,1	48,8,1	112,8,1	112,8,1	112,8,1
双锤类6(金系)			80,8,1	64,8,1	64,8,1			64,8,1					96,8,1	96,8,1			96,8,1				96,8,1	96,8,1			96,8,1				64,8,1			48,8,1				104,8,1			80,8,1				96,8,1					128,8,1	96,8,1								96,8,1			80,8,1				96,8,1	112,8,1	112,8,1	96,8,1	80,8,1	96,8,1	112,8,1	96,8,1	48,8,1	112,8,1	112,8,1	112,8,1
双缠手-金			80,8,1	64,8,1	64,8,1	96,8,1	64,8,1	64,8,1					96,8,1	96,8,1	96,8,1	96,8,1	96,8,1				96,8,1	96,8,1	96,8,1	96,8,1	96,8,1				64,8,1	64,8,1	48,8,1	48,8,1				104,8,1	120,8,1	80,8,1	80,8,1				96,8,1	104,8,1	104,8,1	104,8,1	96,8,1	128,8,1	96,8,1							96,8,1	96,8,1	80,8,1	96,8,1	80,8,1				96,8,1	112,8,1	112,8,1	96,8,1	80,8,1	96,8,1	112,8,1	96,8,1	48,8,1	112,8,1	112,8,1	112,8,1
双缠手-水			80,8,1	64,8,1	64,8,1	96,8,1	64,8,1	64,8,1					96,8,1	96,8,1	96,8,1	96,8,1	96,8,1				96,8,1	96,8,1	96,8,1	96,8,1	96,8,1				64,8,1	64,8,1	48,8,1	48,8,1				104,8,1	120,8,1	80,8,1	80,8,1				96,8,1	104,8,1	104,8,1	104,8,1	96,8,1	128,8,1	96,8,1							96,8,1	96,8,1	80,8,1	96,8,1	80,8,1				96,8,1	112,8,1	112,8,1	96,8,1	80,8,1	96,8,1	112,8,1	96,8,1	48,8,1	112,8,1	112,8,1	112,8,1
双缠手-木			80,8,1	64,8,1	64,8,1	96,8,1	64,8,1	64,8,1					96,8,1	96,8,1	96,8,1	96,8,1	96,8,1				96,8,1	96,8,1	96,8,1	96,8,1	96,8,1				64,8,1	64,8,1	48,8,1	48,8,1				104,8,1	120,8,1	80,8,1	80,8,1				96,8,1	104,8,1	104,8,1	104,8,1	96,8,1	128,8,1	96,8,1							96,8,1	96,8,1	80,8,1	96,8,1	80,8,1				96,8,1	112,8,1	112,8,1	96,8,1	80,8,1	96,8,1	112,8,1	96,8,1	48,8,1	112,8,1	112,8,1	112,8,1
双缠手-火			80,8,1	64,8,1	64,8,1	96,8,1	64,8,1	64,8,1					96,8,1	96,8,1	96,8,1	96,8,1	96,8,1				96,8,1	96,8,1	96,8,1	96,8,1	96,8,1				64,8,1	64,8,1	48,8,1	48,8,1				104,8,1	120,8,1	80,8,1	80,8,1				96,8,1	104,8,1	104,8,1	104,8,1	96,8,1	128,8,1	96,8,1							96,8,1	96,8,1	80,8,1	96,8,1	80,8,1				96,8,1	112,8,1	112,8,1	96,8,1	80,8,1	96,8,1	112,8,1	96,8,1	48,8,1	112,8,1	112,8,1	112,8,1
长棍-金棍			80,8,1	64,8,1	64,8,1		64,8,1						96,8,1	96,8,1		96,8,1					96,8,1	96,8,1		96,8,1					64,8,1		48,8,1					104,8,1		80,8,1					96,8,1			104,8,1	96,8,1										96,8,1		96,8,1					96,8,1	112,8,1	112,8,1	96,8,1	80,8,1	96,8,1	112,8,1	96,8,1	48,8,1	112,8,1	112,8,1	112,8,1
长棍-火棍			80,8,1	64,8,1	64,8,1		64,8,1						96,8,1	96,8,1		96,8,1					96,8,1	96,8,1		96,8,1					64,8,1		48,8,1					104,8,1		80,8,1					96,8,1			104,8,1	96,8,1										96,8,1		96,8,1					96,8,1	112,8,1	112,8,1	96,8,1	80,8,1	96,8,1	112,8,1	96,8,1	48,8,1	112,8,1	112,8,1	112,8,1
长枪-金枪			80,8,1	64,8,1	64,8,1		64,8,1						96,8,1	96,8,1		96,8,1					96,8,1	96,8,1		96,8,1					64,8,1		48,8,1					104,8,1		80,8,1					96,8,1			104,8,1	96,8,1										96,8,1		96,8,1					96,8,1	112,8,1	112,8,1	96,8,1	80,8,1	96,8,1	112,8,1	96,8,1	48,8,1	112,8,1	112,8,1	112,8,1
长枪-火枪			80,8,1	64,8,1	64,8,1		64,8,1						96,8,1	96,8,1		96,8,1					96,8,1	96,8,1		96,8,1					64,8,1		48,8,1					104,8,1		80,8,1					96,8,1			104,8,1	96,8,1										96,8,1		96,8,1					96,8,1	112,8,1	112,8,1	96,8,1	80,8,1	96,8,1	112,8,1	96,8,1	48,8,1	112,8,1	112,8,1	112,8,1
单手刀-金			80,8,1	64,8,1	64,8,1	96,8,1							96,8,1	96,8,1	96,8,1						96,8,1	96,8,1	96,8,1						64,8,1	64,8,1						104,8,1	120,8,1						96,8,1	104,8,1	104,8,1												96,8,1	80,8,1						96,8,1	112,8,1	112,8,1	96,8,1	80,8,1	96,8,1	112,8,1	96,8,1	48,8,1	112,8,1	112,8,1	112,8,1
单手刀-木			80,8,1	64,8,1	64,8,1	96,8,1							96,8,1	96,8,1	96,8,1						96,8,1	96,8,1	96,8,1						64,8,1	64,8,1						104,8,1	120,8,1						96,8,1	104,8,1	104,8,1												96,8,1	80,8,1						96,8,1	112,8,1	112,8,1	96,8,1	80,8,1	96,8,1	112,8,1	96,8,1	48,8,1	112,8,1	112,8,1	112,8,1
单手刀-水			80,8,1	64,8,1	64,8,1	96,8,1							96,8,1	96,8,1	96,8,1						96,8,1	96,8,1	96,8,1						64,8,1	64,8,1						104,8,1	120,8,1						96,8,1	104,8,1	104,8,1												96,8,1	80,8,1						96,8,1	112,8,1	112,8,1	96,8,1	80,8,1	96,8,1	112,8,1	96,8,1	48,8,1	112,8,1	112,8,1	112,8,1
单手火刀-火			80,8,1	64,8,1	64,8,1	96,8,1							96,8,1	96,8,1	96,8,1						96,8,1	96,8,1	96,8,1						64,8,1	64,8,1						104,8,1	120,8,1						96,8,1	104,8,1	104,8,1												96,8,1	80,8,1						96,8,1	112,8,1	112,8,1	96,8,1	80,8,1	96,8,1	112,8,1	96,8,1	48,8,1	112,8,1	112,8,1	112,8,1
单手刀-雷			80,8,1	64,8,1	64,8,1	96,8,1							96,8,1	96,8,1	96,8,1						96,8,1	96,8,1	96,8,1						64,8,1	64,8,1						104,8,1	120,8,1						96,8,1	104,8,1	104,8,1												96,8,1	80,8,1						96,8,1	112,8,1	112,8,1	96,8,1	80,8,1	96,8,1	112,8,1	96,8,1	48,8,1	112,8,1	112,8,1	112,8,1
单手剑-水			80,8,1	64,8,1	64,8,1	96,8,1							96,8,1	96,8,1	96,8,1						96,8,1	96,8,1	96,8,1						64,8,1	64,8,1						104,8,1	120,8,1						96,8,1	104,8,1	104,8,1												96,8,1	80,8,1						96,8,1	112,8,1	112,8,1	96,8,1	80,8,1	96,8,1	112,8,1	96,8,1	48,8,1	112,8,1	112,8,1	112,8,1
单手剑-雷			80,8,1	64,8,1	64,8,1	96,8,1							96,8,1	96,8,1	96,8,1						96,8,1	96,8,1	96,8,1						64,8,1	64,8,1						104,8,1	120,8,1						96,8,1	104,8,1	104,8,1												96,8,1	80,8,1						96,8,1	112,8,1	112,8,1	96,8,1	80,8,1	96,8,1	112,8,1	96,8,1	48,8,1	112,8,1	112,8,1	112,8,1
单手雷剑-雷			80,8,1	64,8,1	64,8,1	96,8,1							96,8,1	96,8,1	96,8,1						96,8,1	96,8,1	96,8,1						64,8,1	64,8,1						104,8,1	120,8,1						96,8,1	104,8,1	104,8,1												96,8,1	80,8,1						96,8,1	112,8,1	112,8,1	96,8,1	80,8,1	96,8,1	112,8,1	96,8,1	48,8,1	112,8,1	112,8,1	112,8,1
双锤-金			80,8,1	64,8,1	64,8,1			64,8,1					96,8,1	96,8,1			96,8,1				96,8,1	96,8,1			96,8,1				64,8,1			48,8,1				104,8,1			80,8,1				96,8,1					128,8,1	96,8,1								96,8,1			80,8,1				96,8,1	112,8,1	112,8,1	96,8,1	80,8,1	96,8,1	112,8,1	96,8,1	48,8,1	112,8,1	112,8,1	112,8,1
双刀-水			80,8,1	64,8,1	64,8,1			64,8,1					96,8,1	96,8,1			96,8,1				96,8,1	96,8,1			96,8,1				64,8,1			48,8,1				104,8,1			80,8,1				96,8,1					128,8,1	96,8,1								96,8,1			80,8,1				96,8,1	112,8,1	112,8,1	96,8,1	80,8,1	96,8,1	112,8,1	96,8,1	48,8,1	112,8,1	112,8,1	112,8,1
单手刀-发光1			80,8,1	64,8,1	64,8,1	96,8,1							96,8,1	96,8,1	96,8,1						96,8,1	96,8,1	96,8,1						64,8,1	64,8,1						104,8,1	120,8,1						96,8,1	104,8,1	104,8,1												96,8,1	80,8,1						96,8,1	112,8,1	112,8,1	96,8,1	80,8,1	96,8,1	112,8,1	96,8,1	48,8,1	112,8,1	112,8,1	112,8,1
单手剑-发光1			80,8,1	64,8,1	64,8,1	96,8,1							96,8,1	96,8,1	96,8,1						96,8,1	96,8,1	96,8,1						64,8,1	64,8,1						104,8,1	120,8,1						96,8,1	104,8,1	104,8,1												96,8,1	80,8,1						96,8,1	112,8,1	112,8,1	96,8,1	80,8,1	96,8,1	112,8,1	96,8,1	48,8,1	112,8,1	112,8,1	112,8,1
单手火刀-发光1			80,8,1	64,8,1	64,8,1	96,8,1							96,8,1	96,8,1	96,8,1						96,8,1	96,8,1	96,8,1						64,8,1	64,8,1						104,8,1	120,8,1						96,8,1	104,8,1	104,8,1												96,8,1	80,8,1						96,8,1	112,8,1	112,8,1	96,8,1	80,8,1	96,8,1	112,8,1	96,8,1	48,8,1	112,8,1	112,8,1	112,8,1
单手雷剑-发光1			80,8,1	64,8,1	64,8,1	96,8,1							96,8,1	96,8,1	96,8,1						96,8,1	96,8,1	96,8,1						64,8,1	64,8,1						104,8,1	120,8,1						96,8,1	104,8,1	104,8,1												96,8,1	80,8,1						96,8,1	112,8,1	112,8,1	96,8,1	80,8,1	96,8,1	112,8,1	96,8,1	48,8,1	112,8,1	112,8,1	112,8,1
长棍-发光1			80,8,1	64,8,1	64,8,1		64,8,1						96,8,1	96,8,1		96,8,1					96,8,1	96,8,1		96,8,1					64,8,1		48,8,1					104,8,1		80,8,1					96,8,1			104,8,1	96,8,1										96,8,1		96,8,1					96,8,1	112,8,1	112,8,1	96,8,1	80,8,1	96,8,1	112,8,1	96,8,1	48,8,1	112,8,1	112,8,1	112,8,1
长枪-发光1			80,8,1	64,8,1	64,8,1		64,8,1						96,8,1	96,8,1		96,8,1					96,8,1	96,8,1		96,8,1					64,8,1		48,8,1					104,8,1		80,8,1					96,8,1			104,8,1	96,8,1										96,8,1		96,8,1					96,8,1	112,8,1	112,8,1	96,8,1	80,8,1	96,8,1	112,8,1	96,8,1	48,8,1	112,8,1	112,8,1	112,8,1
双锤-发光1			80,8,1	64,8,1	64,8,1			64,8,1					96,8,1	96,8,1			96,8,1				96,8,1	96,8,1			96,8,1				64,8,1			48,8,1				104,8,1			80,8,1				96,8,1					128,8,1	96,8,1								96,8,1			80,8,1				96,8,1	112,8,1	112,8,1	96,8,1	80,8,1	96,8,1	112,8,1	96,8,1	48,8,1	112,8,1	112,8,1	112,8,1
双刀-发光1			80,8,1	64,8,1	64,8,1			64,8,1					96,8,1	96,8,1			96,8,1				96,8,1	96,8,1			96,8,1				64,8,1			48,8,1				104,8,1			80,8,1				96,8,1					128,8,1	96,8,1								96,8,1			80,8,1				96,8,1	112,8,1	112,8,1	96,8,1	80,8,1	96,8,1	112,8,1	96,8,1	48,8,1	112,8,1	112,8,1	112,8,1
双缠手-发光1			80,8,1	64,8,1	64,8,1	96,8,1	64,8,1	64,8,1					96,8,1	96,8,1	96,8,1	96,8,1	96,8,1				96,8,1	96,8,1	96,8,1	96,8,1	96,8,1				64,8,1	64,8,1	48,8,1	48,8,1				104,8,1	120,8,1	80,8,1	80,8,1				96,8,1	104,8,1	104,8,1	104,8,1	96,8,1	128,8,1	96,8,1							96,8,1	96,8,1	80,8,1	96,8,1	80,8,1				96,8,1	112,8,1	112,8,1	96,8,1	80,8,1	96,8,1	112,8,1	96,8,1	48,8,1	112,8,1	112,8,1	112,8,1
双爪-发光1			80,8,1	64,8,1	64,8,1	96,8,1	64,8,1	64,8,1					96,8,1	96,8,1	96,8,1	96,8,1	96,8,1				96,8,1	96,8,1	96,8,1	96,8,1	96,8,1				64,8,1	64,8,1	48,8,1	48,8,1				104,8,1	120,8,1	80,8,1	80,8,1				96,8,1	104,8,1	104,8,1	104,8,1	96,8,1	128,8,1	96,8,1							96,8,1	96,8,1	80,8,1	96,8,1	80,8,1				96,8,1	112,8,1	112,8,1	96,8,1	80,8,1	96,8,1	112,8,1	96,8,1	48,8,1	112,8,1	112,8,1	112,8,1
空手-发光1			80,8,1	64,8,1	64,8,1	96,8,1	64,8,1	64,8,1					96,8,1	96,8,1	96,8,1	96,8,1	96,8,1				96,8,1	96,8,1	96,8,1	96,8,1	96,8,1				64,8,1	64,8,1	48,8,1	48,8,1				104,8,1	120,8,1	80,8,1	80,8,1				96,8,1	104,8,1	104,8,1	104,8,1	96,8,1	128,8,1	96,8,1							96,8,1	96,8,1	80,8,1	96,8,1	80,8,1				96,8,1	112,8,1	112,8,1	96,8,1	80,8,1	96,8,1	112,8,1	96,8,1	48,8,1	112,8,1	112,8,1	112,8,1
单手刀-发光2			80,8,1	64,8,1	64,8,1	96,8,1							96,8,1	96,8,1	96,8,1						96,8,1	96,8,1	96,8,1						64,8,1	64,8,1						104,8,1	120,8,1						96,8,1	104,8,1	104,8,1												96,8,1	80,8,1						96,8,1	112,8,1	112,8,1	96,8,1	80,8,1	96,8,1	112,8,1	96,8,1	48,8,1	112,8,1	112,8,1	112,8,1
单手剑-发光2			80,8,1	64,8,1	64,8,1	96,8,1							96,8,1	96,8,1	96,8,1						96,8,1	96,8,1	96,8,1						64,8,1	64,8,1						104,8,1	120,8,1						96,8,1	104,8,1	104,8,1												96,8,1	80,8,1						96,8,1	112,8,1	112,8,1	96,8,1	80,8,1	96,8,1	112,8,1	96,8,1	48,8,1	112,8,1	112,8,1	112,8,1
单手火刀-发光2			80,8,1	64,8,1	64,8,1	96,8,1							96,8,1	96,8,1	96,8,1						96,8,1	96,8,1	96,8,1						64,8,1	64,8,1						104,8,1	120,8,1						96,8,1	104,8,1	104,8,1												96,8,1	80,8,1						96,8,1	112,8,1	112,8,1	96,8,1	80,8,1	96,8,1	112,8,1	96,8,1	48,8,1	112,8,1	112,8,1	112,8,1
单手雷剑-发光2			80,8,1	64,8,1	64,8,1	96,8,1							96,8,1	96,8,1	96,8,1						96,8,1	96,8,1	96,8,1						64,8,1	64,8,1						104,8,1	120,8,1						96,8,1	104,8,1	104,8,1												96,8,1	80,8,1						96,8,1	112,8,1	112,8,1	96,8,1	80,8,1	96,8,1	112,8,1	96,8,1	48,8,1	112,8,1	112,8,1	112,8,1
长棍-发光2			80,8,1	64,8,1	64,8,1		64,8,1						96,8,1	96,8,1		96,8,1					96,8,1	96,8,1		96,8,1					64,8,1		48,8,1					104,8,1		80,8,1					96,8,1			104,8,1	96,8,1										96,8,1		96,8,1					96,8,1	112,8,1	112,8,1	96,8,1	80,8,1	96,8,1	112,8,1	96,8,1	48,8,1	112,8,1	112,8,1	112,8,1
长枪-发光2			80,8,1	64,8,1	64,8,1		64,8,1						96,8,1	96,8,1		96,8,1					96,8,1	96,8,1		96,8,1					64,8,1		48,8,1					104,8,1		80,8,1					96,8,1			104,8,1	96,8,1										96,8,1		96,8,1					96,8,1	112,8,1	112,8,1	96,8,1	80,8,1	96,8,1	112,8,1	96,8,1	48,8,1	112,8,1	112,8,1	112,8,1
双锤-发光2			80,8,1	64,8,1	64,8,1			64,8,1					96,8,1	96,8,1			96,8,1				96,8,1	96,8,1			96,8,1				64,8,1			48,8,1				104,8,1			80,8,1				96,8,1					128,8,1	96,8,1								96,8,1			80,8,1				96,8,1	112,8,1	112,8,1	96,8,1	80,8,1	96,8,1	112,8,1	96,8,1	48,8,1	112,8,1	112,8,1	112,8,1
双刀-发光2			80,8,1	64,8,1	64,8,1			64,8,1					96,8,1	96,8,1			96,8,1				96,8,1	96,8,1			96,8,1				64,8,1			48,8,1				104,8,1			80,8,1				96,8,1					128,8,1	96,8,1								96,8,1			80,8,1				96,8,1	112,8,1	112,8,1	96,8,1	80,8,1	96,8,1	112,8,1	96,8,1	48,8,1	112,8,1	112,8,1	112,8,1
双缠手-发光2			80,8,1	64,8,1	64,8,1	96,8,1	64,8,1	64,8,1					96,8,1	96,8,1	96,8,1	96,8,1	96,8,1				96,8,1	96,8,1	96,8,1	96,8,1	96,8,1				64,8,1	64,8,1	48,8,1	48,8,1				104,8,1	120,8,1	80,8,1	80,8,1				96,8,1	104,8,1	104,8,1	104,8,1	96,8,1	128,8,1	96,8,1							96,8,1	96,8,1	80,8,1	96,8,1	80,8,1				96,8,1	112,8,1	112,8,1	96,8,1	80,8,1	96,8,1	112,8,1	96,8,1	48,8,1	112,8,1	112,8,1	112,8,1
双爪-发光2			80,8,1	64,8,1	64,8,1	96,8,1	64,8,1	64,8,1					96,8,1	96,8,1	96,8,1	96,8,1	96,8,1				96,8,1	96,8,1	96,8,1	96,8,1	96,8,1				64,8,1	64,8,1	48,8,1	48,8,1				104,8,1	120,8,1	80,8,1	80,8,1				96,8,1	104,8,1	104,8,1	104,8,1	96,8,1	128,8,1	96,8,1							96,8,1	96,8,1	80,8,1	96,8,1	80,8,1				96,8,1	112,8,1	112,8,1	96,8,1	80,8,1	96,8,1	112,8,1	96,8,1	48,8,1	112,8,1	112,8,1	112,8,1
空手-发光2			80,8,1	64,8,1	64,8,1	96,8,1	64,8,1	64,8,1					96,8,1	96,8,1	96,8,1	96,8,1	96,8,1				96,8,1	96,8,1	96,8,1	96,8,1	96,8,1				64,8,1	64,8,1	48,8,1	48,8,1				104,8,1	120,8,1	80,8,1	80,8,1				96,8,1	104,8,1	104,8,1	104,8,1	96,8,1	128,8,1	96,8,1							96,8,1	96,8,1	80,8,1	96,8,1	80,8,1				96,8,1	112,8,1	112,8,1	96,8,1	80,8,1	96,8,1	112,8,1	96,8,1	48,8,1	112,8,1	112,8,1	112,8,1
鸣凤之皈依缠手																																																																											
鸣凤之极乐僧棍																																																																											
鸣凤之虚空戒刀																																																																											
鸣凤之战神锤			80,8,1	64,8,1	64,8,1	96,8,1	64,8,1	64,8,1					96,8,1	96,8,1	96,8,1	96,8,1	88,8,1				96,8,1	96,8,1	96,8,1	96,8,1	96,8,1				64,8,1	64,8,1	48,8,1	48,8,1				104,8,1	120,8,1	80,8,1	80,8,1				96,8,1	104,8,1	104,8,1	104,8,1	96,8,1	128,8,1	96,8,1							96,8,1	96,8,1	80,8,1	96,8,1	80,8,1				96,8,1	112,8,1	112,8,1	96,8,1	80,8,1	96,8,1	112,8,1	96,8,1	48,8,1	112,8,1	112,8,1	112,8,1
鸣凤之英雄枪			80,8,1	64,8,1	64,8,1		64,8,1						96,8,1	96,8,1		96,8,1					96,8,1	96,8,1		96,8,1					64,8,1		48,8,1					104,8,1		80,8,1					96,8,1			104,8,1	96,8,1										96,8,1		96,8,1					96,8,1	112,8,1	112,8,1	96,8,1	80,8,1	96,8,1	112,8,1	96,8,1	48,8,1	112,8,1	112,8,1	112,8,1
鸣凤之霸王宝刀			80,8,1	64,8,1	64,8,1	96,8,1							96,8,1	96,8,1	96,8,1						96,8,1	96,8,1	96,8,1						64,8,1	64,8,1						104,8,1	120,8,1						96,8,1	104,8,1	104,8,1												96,8,1	80,8,1						96,8,1	112,8,1	112,8,1	96,8,1	80,8,1	96,8,1	112,8,1	96,8,1	48,8,1	112,8,1	112,8,1	112,8,1
鸣凤之散花长剑			80,8,1	64,8,1	64,8,1	96,8,1							96,8,1	96,8,1	96,8,1						96,8,1	96,8,1	96,8,1						64,8,1	64,8,1						104,8,1	120,8,1						96,8,1	104,8,1	104,8,1												96,8,1	80,8,1						96,8,1	112,8,1	112,8,1	96,8,1	80,8,1	96,8,1	112,8,1	96,8,1	48,8,1	112,8,1	112,8,1	112,8,1
鸣凤之凌霄缠手			80,8,1	64,8,1	64,8,1	96,8,1	64,8,1	64,8,1					96,8,1	96,8,1	96,8,1	96,8,1	96,8,1				96,8,1	96,8,1	96,8,1	96,8,1	96,8,1				64,8,1	64,8,1	48,8,1	48,8,1				104,8,1	120,8,1	80,8,1	80,8,1				96,8,1	104,8,1	104,8,1	104,8,1	96,8,1	128,8,1	96,8,1							96,8,1	96,8,1	80,8,1	96,8,1	80,8,1				96,8,1	112,8,1	112,8,1	96,8,1	80,8,1	96,8,1	112,8,1	96,8,1	48,8,1	112,8,1	112,8,1	112,8,1
鸣凤之万花宝刀			80,8,1	64,8,1	64,8,1	96,8,1							96,8,1	96,8,1	96,8,1						96,8,1	96,8,1	96,8,1						64,8,1	64,8,1						104,8,1	120,8,1						96,8,1	104,8,1	104,8,1												96,8,1	80,8,1						96,8,1	112,8,1	112,8,1	96,8,1	80,8,1	96,8,1	112,8,1	96,8,1	48,8,1	112,8,1	112,8,1	112,8,1
鸣凤之芳华双刀			80,8,1	64,8,1	64,8,1			64,8,1					96,8,1	96,8,1			88,8,1				96,8,1	96,8,1			96,8,1				64,8,1			48,8,1				104,8,1			80,8,1				96,8,1					128,8,1	96,8,1								96,8,1			80,8,1				96,8,1	112,8,1	112,8,1	96,8,1	80,8,1	96,8,1	112,8,1	96,8,1	48,8,1	112,8,1	112,8,1	112,8,1
鸣凤之阎罗缠手			80,8,1	64,8,1	64,8,1	96,8,1	64,8,1	64,8,1					96,8,1	96,8,1	96,8,1	96,8,1	96,8,1				96,8,1	96,8,1	96,8,1	96,8,1	96,8,1				64,8,1	64,8,1	48,8,1	48,8,1				104,8,1	120,8,1	80,8,1	80,8,1				96,8,1	104,8,1	104,8,1	104,8,1	96,8,1	128,8,1	96,8,1							96,8,1	96,8,1	80,8,1	96,8,1	80,8,1				96,8,1	112,8,1	112,8,1	96,8,1	80,8,1	96,8,1	112,8,1	96,8,1	48,8,1	112,8,1	112,8,1	112,8,1
鸣凤之冥王宝刀			80,8,1	64,8,1	64,8,1	96,8,1							96,8,1	96,8,1	96,8,1						96,8,1	96,8,1	96,8,1						64,8,1	64,8,1						104,8,1	120,8,1						96,8,1	104,8,1	104,8,1												96,8,1	80,8,1						96,8,1	112,8,1	112,8,1	96,8,1	80,8,1	96,8,1	112,8,1	96,8,1	48,8,1	112,8,1	112,8,1	112,8,1
鸣凤之潋滟飞刀			80,8,1	64,8,1	64,8,1	96,8,1	64,8,1	64,8,1					96,8,1	96,8,1	96,8,1	96,8,1	96,8,1				96,8,1	96,8,1	96,8,1	96,8,1	96,8,1				64,8,1	64,8,1	48,8,1	48,8,1				104,8,1	120,8,1	80,8,1	80,8,1				96,8,1	104,8,1	104,8,1	104,8,1	96,8,1	128,8,1	96,8,1							96,8,1	96,8,1	80,8,1	96,8,1	80,8,1				96,8,1	112,8,1	112,8,1	96,8,1	80,8,1	96,8,1	112,8,1	96,8,1	48,8,1	112,8,1	112,8,1	112,8,1
鸣凤之天荒袖箭			80,8,1	64,8,1	64,8,1	96,8,1	64,8,1	64,8,1					96,8,1	96,8,1	96,8,1	96,8,1	96,8,1				96,8,1	96,8,1	96,8,1	96,8,1	96,8,1				64,8,1	64,8,1	48,8,1	48,8,1				104,8,1	120,8,1	80,8,1	80,8,1				96,8,1	104,8,1	104,8,1	104,8,1	96,8,1	128,8,1	96,8,1							96,8,1	96,8,1	80,8,1	96,8,1	80,8,1				96,8,1	112,8,1	112,8,1	96,8,1	80,8,1	96,8,1	112,8,1	96,8,1	48,8,1	112,8,1	112,8,1	112,8,1
鸣凤之天骄飞镖			80,8,1	64,8,1	64,8,1	96,8,1	64,8,1	64,8,1					96,8,1	96,8,1	96,8,1	96,8,1	96,8,1				96,8,1	96,8,1	96,8,1	96,8,1	96,8,1				64,8,1	64,8,1	48,8,1	48,8,1				104,8,1	120,8,1	80,8,1	80,8,1				96,8,1	104,8,1	104,8,1	104,8,1	96,8,1	128,8,1	96,8,1							96,8,1	96,8,1	80,8,1	96,8,1	80,8,1				96,8,1	112,8,1	112,8,1	96,8,1	80,8,1	96,8,1	112,8,1	96,8,1	48,8,1	112,8,1	112,8,1	112,8,1
鸣凤之铁血缠手			80,8,1	64,8,1	64,8,1	96,8,1	64,8,1	64,8,1					96,8,1	96,8,1	96,8,1	96,8,1	96,8,1				96,8,1	96,8,1	96,8,1	96,8,1	96,8,1				64,8,1	64,8,1	48,8,1	48,8,1				104,8,1	120,8,1	80,8,1	80,8,1				96,8,1	104,8,1	104,8,1	104,8,1	96,8,1	128,8,1	96,8,1							96,8,1	96,8,1	80,8,1	96,8,1	80,8,1				96,8,1	112,8,1	112,8,1	96,8,1	80,8,1	96,8,1	112,8,1	96,8,1	48,8,1	112,8,1	112,8,1	112,8,1
鸣凤之光复杖			80,8,1	64,8,1	64,8,1		64,8,1						96,8,1	96,8,1		96,8,1					96,8,1	96,8,1		96,8,1					64,8,1		48,8,1					104,8,1		80,8,1					96,8,1			104,8,1	96,8,1										96,8,1		96,8,1					96,8,1	112,8,1	112,8,1	96,8,1	80,8,1	96,8,1	112,8,1	96,8,1	48,8,1	112,8,1	112,8,1	112,8,1
鸣凤之煜日枪			80,8,1	64,8,1	64,8,1		64,8,1						96,8,1	96,8,1		96,8,1					96,8,1	96,8,1		96,8,1					64,8,1		48,8,1					104,8,1		80,8,1					96,8,1			104,8,1	96,8,1										96,8,1		96,8,1					96,8,1	112,8,1	112,8,1	96,8,1	80,8,1	96,8,1	112,8,1	96,8,1	48,8,1	112,8,1	112,8,1	112,8,1
鸣凤之炽地刀			80,8,1	64,8,1	64,8,1	96,8,1							96,8,1	96,8,1	96,8,1						96,8,1	96,8,1	96,8,1						64,8,1	64,8,1						104,8,1	120,8,1						96,8,1	104,8,1	104,8,1												96,8,1	80,8,1						96,8,1	112,8,1	112,8,1	96,8,1	80,8,1	96,8,1	112,8,1	96,8,1	48,8,1	112,8,1	112,8,1	112,8,1
鸣凤之空明剑			80,8,1	64,8,1	64,8,1	96,8,1							96,8,1	96,8,1	96,8,1						96,8,1	96,8,1	96,8,1						64,8,1	64,8,1						104,8,1	120,8,1						96,8,1	104,8,1	104,8,1												96,8,1	80,8,1						96,8,1	112,8,1	112,8,1	96,8,1	80,8,1	96,8,1	112,8,1	96,8,1	48,8,1	112,8,1	112,8,1	112,8,1
鸣凤之蓬莱剑			80,8,1	64,8,1	64,8,1	96,8,1							96,8,1	96,8,1	96,8,1						96,8,1	96,8,1	96,8,1						64,8,1	64,8,1						104,8,1	120,8,1						96,8,1	104,8,1	104,8,1												96,8,1	80,8,1						96,8,1	112,8,1	112,8,1	96,8,1	80,8,1	96,8,1	112,8,1	96,8,1	48,8,1	112,8,1	112,8,1	112,8,1
鸣凤之九天寒铁			80,8,1	64,8,1	64,8,1	96,8,1							96,8,1	96,8,1	96,8,1						96,8,1	96,8,1	96,8,1						64,8,1	64,8,1						104,8,1	120,8,1						96,8,1	104,8,1	104,8,1												96,8,1	80,8,1						96,8,1	112,8,1	112,8,1	96,8,1	80,8,1	96,8,1	112,8,1	96,8,1	48,8,1	112,8,1	112,8,1	112,8,1
鸣凤之参商剑			80,8,1	64,8,1	64,8,1	96,8,1							96,8,1	96,8,1	96,8,1						96,8,1	96,8,1	96,8,1						64,8,1	64,8,1						104,8,1	120,8,1						96,8,1	104,8,1	104,8,1												96,8,1	80,8,1						96,8,1	112,8,1	112,8,1	96,8,1	80,8,1	96,8,1	112,8,1	96,8,1	48,8,1	112,8,1	112,8,1	112,8,1
紫蟒之结芦剑			80,8,1	64,8,1	64,8,1	96,8,1							96,8,1	96,8,1	96,8,1						96,8,1	96,8,1	96,8,1						64,8,1	64,8,1						104,8,1	120,8,1						96,8,1	104,8,1	104,8,1												96,8,1	80,8,1						96,8,1	112,8,1	112,8,1	96,8,1	80,8,1	96,8,1	112,8,1	96,8,1	48,8,1	112,8,1	112,8,1	112,8,1
白虎之子衿剑			80,8,1	64,8,1	64,8,1	96,8,1							96,8,1	96,8,1	96,8,1						96,8,1	96,8,1	96,8,1						64,8,1	64,8,1						104,8,1	120,8,1						96,8,1	104,8,1	104,8,1												96,8,1	80,8,1						96,8,1	112,8,1	112,8,1	96,8,1	80,8,1	96,8,1	112,8,1	96,8,1	48,8,1	112,8,1	112,8,1	112,8,1
鸣凤之湛宇剑			80,8,1	64,8,1	64,8,1	96,8,1							96,8,1	96,8,1	96,8,1						96,8,1	96,8,1	96,8,1						64,8,1	64,8,1						104,8,1	120,8,1						96,8,1	104,8,1	104,8,1												96,8,1	80,8,1						96,8,1	112,8,1	112,8,1	96,8,1	80,8,1	96,8,1	112,8,1	96,8,1	48,8,1	112,8,1	112,8,1	112,8,1
腾龙之菩提缠手																																																																											
腾龙之如来法棍																																																																											
腾龙之无量戒刀																																																																											
腾龙之开天神锤			80,1,1	64,1,1	64,8,1		64,8,1	64,8,1					96,8,1	96,8,1		96,8,1	96,8,1				96,8,1	96,8,1			96,1,1				64,8,1			48,1,1				104,8,1			80,1,1				96,8,1					128,1,1	96,1,1								96,8,1			48,1,1				96,8,1	112,8,1	112,1,1	96,1,1	80,1,1	96,1,1	112,1,1	96,1,1	48,1,1	112,1,1	112,1,1	112,1,1
腾龙之辟地枪			80,8,56	64,8,56	64,8,1		64,8,1	64,8,1					96,8,1	96,8,1		96,8,1	96,8,1				96,8,1	96,8,1		96,8,56					64,8,1		48,8,56					104,8,1							96,8,1			104,8,56	96,8,56										96,8,1		96,8,56					96,8,1	112,8,1	112,8,56	96,8,56	80,8,56	96,8,56	112,8,56	96,8,56	48,8,56		112,8,56	112,8,56
腾龙之混元宝刀			80,8,1	64,8,1	64,8,1	192,8,1	64,8,1	64,8,1					96,8,1	96,8,1	96,8,1	96,8,1	96,8,1				96,8,1	96,8,1	96,8,1						64,8,1	64,8,1						104,8,1	120,8,1						96,8,1	104,8,1	104,8,1												96,8,1	80,8,1						96,8,1	112,8,1	112,8,1	96,8,1	80,8,1	96,8,1	112,8,1	96,8,1	48,8,1	112,8,1	112,8,1	112,8,1
腾龙之飞天长剑			80,8,1	64,8,1	64,8,1	96,8,1	64,8,1	64,8,1					96,8,1	96,8,1	96,8,1	96,8,1	96,8,1				96,8,1	96,8,1	96,8,1						64,8,1	64,8,1						104,8,1							96,8,1	104,8,1	104,8,1												96,8,1	80,8,1						96,8,1	112,8,1	112,8,1	96,8,1	80,1,1	96,8,1	112,8,1	96,8,1	48,8,1	112,8,1	112,8,1	112,8,1
腾龙之冰魄缠手			80,1,1	64,1,1	64,8,1		64,8,1	64,8,1					96,8,1	96,8,1		96,8,1	96,8,1				96,8,1	96,8,1							64,8,1							104,8,1							96,8,1														96,8,1							96,8,1	112,8,1	112,1,1	96,1,1	80,1,1	96,1,1	112,1,1	96,1,1	48,1,1	112,1,1	112,1,1	112,1,1
腾龙之倾城宝刀			80,8,1	64,8,1	64,8,1	96,8,1	64,8,1	64,8,1					96,8,1	96,8,1	96,8,1	96,8,1	96,8,1				96,8,1	96,8,1	96,8,1						64,8,1	64,8,1						104,8,1							96,8,1	104,8,1	104,8,1												96,8,1	80,8,1						96,8,1	112,8,1	104,8,1	96,8,1	80,8,1	96,8,1	112,8,1	96,8,1	48,8,1	112,8,1	104,8,1	104,8,1
腾龙之百香鸳鸯刀			80,1,1	64,1,1	64,8,1		64,8,1	64,8,1					96,8,1	96,8,1		96,8,1	96,8,1				96,8,1	96,8,1			96,1,1				64,8,1			48,1,1				104,8,1			80,1,1				96,8,1					128,1,1	96,1,1								96,8,1			80,1,1				96,8,1	112,8,1	112,1,1	96,1,1	80,1,1	96,1,1	112,1,1	96,1,1	48,1,1	112,1,1	112,1,1	112,1,1
腾龙之万毒缠手			80,1,1	64,1,1	64,8,1		64,8,1	64,8,1					96,8,1	96,8,1		96,8,1	96,8,1				96,8,1	96,8,1							64,8,1							104,8,1							96,8,1														96,8,1							96,8,1	112,8,1	112,1,1	96,1,1	80,1,1	96,1,1	112,1,1	96,1,1	48,1,1	112,1,1	112,1,1	112,1,1
腾龙之万灵血刃			80,8,1	64,8,1	64,8,1	96,8,1	64,8,1	64,8,1					96,8,1	96,8,1	96,8,1	96,8,1	96,8,1				96,8,1	96,8,1	96,8,1						64,8,1	64,8,1						104,8,1	120,8,1						96,8,1	104,8,1	104,8,1												96,8,1	80,8,1						96,8,1	112,8,1	112,8,1	96,8,1	80,8,1	96,8,1	112,8,1	96,8,1	48,8,1	104,8,1	112,8,1	112,8,1
腾龙之混沌飞刀			80,1,1	64,1,1	64,8,1		64,8,1	64,8,1					96,8,1	96,8,1		96,8,1	96,8,1				96,8,1	96,8,1							64,8,1							104,8,1							96,8,1														96,8,1							96,8,1	112,8,1	112,1,1	96,1,1	80,1,1	96,1,1	112,1,1	96,1,1	48,1,1	112,1,1	112,1,1	112,1,1
腾龙之弑神袖箭			80,1,1	64,1,1	64,8,1		64,8,1	64,8,1					96,8,1	96,8,1		96,8,1	96,8,1				96,8,1	96,8,1							64,8,1							104,8,1							96,8,1														96,8,1							96,8,1	112,8,1	112,1,1	96,1,1	80,1,1	96,1,1	112,1,1	96,1,1	48,1,1	112,1,1	112,1,1	112,1,1
腾龙之风暴飞镖			80,1,1	64,1,1	64,8,1		64,8,1	64,8,1					96,8,1	96,8,1		96,8,1	96,8,1				96,8,1	96,8,1							64,8,1							104,8,1							96,8,1														96,8,1							96,8,1	112,8,1	112,1,1	96,1,1	80,1,1	96,1,1	112,1,1	96,1,1	48,1,1	112,1,1	112,1,1	112,1,1
腾龙之豪情缠手			80,1,1	64,1,1	64,8,1		64,8,1	64,8,1					96,8,1	96,8,1		96,8,1	96,8,1				96,8,1	96,8,1							64,8,1							104,8,1							96,8,1														96,8,1							96,8,1	112,8,1	112,1,1	96,1,1	80,1,1	96,1,1	112,1,1	96,1,1	48,1,1	112,1,1	112,1,1	112,1,1
腾龙之聚义杖			80,8,56	64,8,56	64,8,1		64,8,56	64,8,1					96,8,1	96,8,1		96,8,56	96,8,1				96,8,1	96,8,1		96,8,56					64,8,1		48,8,56					104,8,1							96,8,1			104,8,56	96,8,56										96,8,1		96,8,56					96,8,1	112,8,1	112,1,56	96,8,56	80,8,56	96,8,56	112,8,56	96,8,56	48,8,56		112,1,56	112,1,56
腾龙之炎煌枪			80,8,56	64,8,56	64,8,1		64,8,56	64,8,1					96,8,1	96,8,1		96,8,56	96,8,1				96,8,1	96,8,1		96,8,56					64,8,1		48,8,56					104,8,1							96,8,1			104,8,56	96,8,56										96,8,1		96,8,56					96,8,1	112,8,1	112,8,56	96,8,56	80,8,56	96,8,56	112,8,56	96,8,56	48,8,56		112,8,56	112,8,56
腾龙之焚天宝刀			80,8,1	64,8,1	64,8,1	96,8,1	64,8,1	64,8,1					96,8,1	96,8,1	96,8,1	96,8,1	96,8,1				96,8,1	96,8,1	96,8,1						64,8,1	64,8,1						104,8,1	224,8,1						96,8,1	104,8,1	104,8,1												96,8,1	80,8,1						96,8,1	112,8,1	112,8,1	96,8,1	80,8,1	96,8,1	112,8,1	96,8,1	48,8,1	112,8,1	112,8,1	112,8,1
腾龙之玉虚神剑			80,8,1	64,8,1	64,8,1	96,1,1	64,8,1	64,8,1					96,8,1	96,8,1	96,8,1	96,8,1	96,8,1				96,8,1	96,8,1	96,8,1						64,8,1	64,8,1						104,8,1	120,8,1						96,8,1	104,8,1	104,8,1												96,8,1	80,8,1						96,8,1	112,8,1	112,8,1	96,8,1	80,8,1	96,8,1	112,8,1	96,8,1	48,8,1	112,8,1	112,8,1	112,8,1
腾龙之玄天神剑			80,8,1	64,8,1	64,8,1	96,8,1	64,8,1	64,8,1					96,8,1	96,8,1	96,8,1	96,8,1	96,8,1				96,8,1	96,8,1	96,8,1						64,8,1	64,8,1						104,8,1	120,8,1						96,8,1	104,8,1	104,8,1												96,8,1	80,8,1						96,8,1	112,8,1	112,8,1	96,8,1	80,8,1	96,8,1	112,8,1	96,8,1	48,8,1	112,8,1	112,8,1	112,8,1
腾龙之方元宝刀			80,8,1	64,8,1	64,8,1	96,1,1	64,8,1	64,8,1					96,8,1	96,8,1	96,8,1	96,8,1	96,8,1				96,8,1	96,8,1	96,8,1						64,8,1	64,8,1						104,8,1	120,8,1						96,8,1	104,8,1	104,8,1												96,8,1	80,8,1						96,8,1	112,8,1	112,8,1	96,8,1	80,8,1	96,8,1	112,8,1	96,8,1	48,8,1	112,8,1	112,8,1	112,8,1
腾龙之苍穹神剑			80,8,1	64,8,1	64,8,1	96,8,1	64,8,1	64,8,1					96,8,1	96,8,1	96,8,1	96,8,1	96,8,1				96,8,1	96,8,1	96,8,1						64,8,1	64,8,1						104,8,1	120,8,1						96,8,1	104,8,1	104,8,1												96,8,1	80,8,1						96,8,1	112,8,1	112,8,1	96,8,1	80,8,1	96,8,1	112,8,1	96,8,1	48,8,1	112,8,1	112,8,1	112,8,1
腾龙之溯游剑			80,8,1	64,8,1	64,8,1	96,8,1	64,8,1	64,8,1					96,8,1	96,8,1	96,8,1	96,8,1	96,8,1				96,8,1	96,8,1	96,8,1						64,8,1	64,8,1						104,8,1							96,8,1	104,8,1	104,8,1												96,8,1	80,8,1						96,8,1	112,8,1	112,8,1	96,8,1	80,8,1	104,8,1	120,8,1	96,8,1	48,8,1	112,8,1	112,8,1	112,8,1
腾龙之伊水剑			80,8,1	64,8,1	64,8,1	96,8,1	64,8,1	64,8,1					96,8,1	96,8,1	96,8,1	96,8,1	96,8,1				96,8,1	96,8,1	96,8,1						64,8,1	64,8,1						104,8,1							96,8,1	104,8,1	104,8,1												96,8,1	80,8,1						96,8,1	112,8,1	112,8,1	96,8,1	80,8,1	104,8,1	120,8,1	96,8,1	48,8,1	112,8,1	112,8,1	112,8,1
星霜之苦谛缠手																																																																											
星霜之灭谛法棍																																																																											
星霜之道谛戒刀																																																																											
星霜之吞邪神锤			80,8,1	64,8,1				64,8,1									88,8,1								96,8,1							48,8,1							80,8,1									128,8,1	96,8,1											80,8,1						112,8,1	96,8,1	80,8,1	96,8,1	112,8,1	96,8,1	48,8,1	112,8,1	112,8,1	112,8,1
星霜之鎏金枪			80,8,1	64,8,1			64,8,1									96,8,1								96,8,1							48,8,1							80,8,1								104,8,1	96,8,1												96,8,1							112,8,1	96,8,1	80,8,1	96,8,1	112,8,1	96,8,1	48,8,1	112,8,1	112,8,1	112,8,1
星霜之履霜宝刀			80,8,1	64,8,1		96,8,1									96,8,1								96,8,1							64,8,1							120,8,1							104,8,1	104,8,1													80,8,1								112,8,1	96,8,1	80,8,1	96,8,1	112,8,1	96,8,1	48,8,1	112,8,1	112,8,1	112,8,1
星霜之落英宝剑			80,8,1	64,8,1		96,8,1									96,8,1								96,8,1							64,8,1							120,8,1							104,8,1	104,8,1													80,8,1								112,8,1	96,8,1	80,8,1	96,8,1	112,8,1	96,8,1	48,8,1	112,8,1	112,8,1	112,8,1
星霜之拂穴缠手			80,8,1	64,8,1	64,8,1	96,8,1	64,8,1	64,8,1					96,8,1	96,8,1	96,8,1	96,8,1	96,8,1				96,8,1	96,8,1	96,8,1	96,8,1	96,8,1				64,8,1	64,8,1	48,8,1	48,8,1				104,8,1	120,8,1	80,8,1	80,8,1				96,8,1	104,8,1	104,8,1	104,8,1	96,8,1	128,8,1	96,8,1							96,8,1	96,8,1	80,8,1	96,8,1	80,8,1				96,8,1	112,8,1	112,8,1	96,8,1	80,8,1	96,8,1	112,8,1	96,8,1	48,8,1	112,8,1	112,8,1	112,8,1
星霜之千香宝刀			80,8,1	64,8,1		96,8,1									96,8,1								96,8,1							64,8,1							120,8,1							104,8,1	104,8,1													80,8,1								112,8,1	96,8,1	80,8,1	96,8,1	112,8,1	96,8,1	48,8,1	112,8,1	112,8,1	112,8,1
星霜之彩韵鸳鸯刀			80,8,1	64,8,1				64,8,1									88,8,1								96,8,1							48,8,1							80,8,1									128,8,1	96,8,1											80,8,1						112,8,1	96,8,1	80,8,1	96,8,1	112,8,1	96,8,1	48,8,1	112,8,1	112,8,1	112,8,1
星霜之蟾飞缠手			80,8,1	64,8,1	64,8,1	96,8,1	64,8,1	64,8,1					96,8,1	96,8,1	96,8,1	96,8,1	96,8,1				96,8,1	96,8,1	96,8,1	96,8,1	96,8,1				64,8,1	64,8,1	48,8,1	48,8,1				104,8,1	120,8,1	80,8,1	80,8,1				96,8,1	104,8,1	104,8,1	104,8,1	96,8,1	128,8,1	96,8,1							96,8,1	96,8,1	80,8,1	96,8,1	80,8,1				96,8,1	112,8,1	112,8,1	96,8,1	80,8,1	96,8,1	112,8,1	96,8,1	48,8,1	112,8,1	112,8,1	112,8,1
星霜之附骨血刃			80,8,1	64,8,1		96,8,1									96,8,1								96,8,1							64,8,1							120,8,1							104,8,1	104,8,1													80,8,1								112,8,1	96,8,1	80,8,1	96,8,1	112,8,1	96,8,1	48,8,1	112,8,1	112,8,1	112,8,1
星霜之冷血飞刀			80,8,1	64,8,1	64,8,1	96,8,1	64,8,1	64,8,1					96,8,1	96,8,1	96,8,1	96,8,1	96,8,1				96,8,1	96,8,1	96,8,1	96,8,1	96,8,1				64,8,1	64,8,1	48,8,1	48,8,1				104,8,1	120,8,1	80,8,1	80,8,1				96,8,1	104,8,1	104,8,1	104,8,1	96,8,1	128,8,1	96,8,1							96,8,1	96,8,1	80,8,1	96,8,1	80,8,1				96,8,1	112,8,1	112,8,1	96,8,1	80,8,1	96,8,1	112,8,1	96,8,1	48,8,1	112,8,1	112,8,1	112,8,1
星霜之怒莲袖箭			80,8,1	64,8,1	64,8,1	96,8,1	64,8,1	64,8,1					96,8,1	96,8,1	96,8,1	96,8,1	96,8,1				96,8,1	96,8,1	96,8,1	96,8,1	96,8,1				64,8,1	64,8,1	48,8,1	48,8,1				104,8,1	120,8,1	80,8,1	80,8,1				96,8,1	104,8,1	104,8,1	104,8,1	96,8,1	128,8,1	96,8,1							96,8,1	96,8,1	80,8,1	96,8,1	80,8,1				96,8,1	112,8,1	112,8,1	96,8,1	80,8,1	96,8,1	112,8,1	96,8,1	48,8,1	112,8,1	112,8,1	112,8,1
星霜之追命飞镖			80,8,1	64,8,1	64,8,1	96,8,1	64,8,1	64,8,1					96,8,1	96,8,1	96,8,1	96,8,1	96,8,1				96,8,1	96,8,1	96,8,1	96,8,1	96,8,1				64,8,1	64,8,1	48,8,1	48,8,1				104,8,1	120,8,1	80,8,1	80,8,1				96,8,1	104,8,1	104,8,1	104,8,1	96,8,1	128,8,1	96,8,1							96,8,1	96,8,1	80,8,1	96,8,1	80,8,1				96,8,1	112,8,1	112,8,1	96,8,1	80,8,1	96,8,1	112,8,1	96,8,1	48,8,1	112,8,1	112,8,1	112,8,1
星霜之勐龙缠手			80,8,1	64,8,1	64,8,1	96,8,1	64,8,1	64,8,1					96,8,1	96,8,1	96,8,1	96,8,1	96,8,1				96,8,1	96,8,1	96,8,1	96,8,1	96,8,1				64,8,1	64,8,1	48,8,1	48,8,1				104,8,1	120,8,1	80,8,1	80,8,1				96,8,1	104,8,1	104,8,1	104,8,1	96,8,1	128,8,1	96,8,1							96,8,1	96,8,1	80,8,1	96,8,1	80,8,1				96,8,1	112,8,1	112,8,1	96,8,1	80,8,1	96,8,1	112,8,1	96,8,1	48,8,1	112,8,1	112,8,1	112,8,1
星霜之破虏杖			80,8,1	64,8,1			64,8,1									96,8,1								96,8,1							48,8,1							80,8,1								104,8,1	96,8,1												96,8,1							112,8,1	96,8,1	80,8,1	96,8,1	112,8,1	96,8,1	48,8,1	112,8,1	112,8,1	112,8,1
星霜之炼日枪			80,8,1	64,8,1			64,8,1									96,8,1								96,8,1							48,8,1							80,8,1								104,8,1	96,8,1												96,8,1							112,8,1	96,8,1	80,8,1	96,8,1	112,8,1	96,8,1	48,8,1	112,8,1	112,8,1	112,8,1
星霜之酷炎宝刀			80,8,1	64,8,1		96,8,1									96,8,1								96,8,1							64,8,1							120,8,1							104,8,1	104,8,1													80,8,1								112,8,1	96,8,1	80,8,1	96,8,1	112,8,1	96,8,1	48,8,1	112,8,1	112,8,1	112,8,1
星霜之震山神剑			80,8,1	64,8,1		96,8,1									96,8,1								96,8,1							64,8,1							120,8,1							104,8,1	104,8,1													80,8,1								112,8,1	96,8,1	80,8,1	96,8,1	112,8,1	96,8,1	48,8,1	112,8,1	112,8,1	112,8,1
星霜之君威神剑			80,8,1	64,8,1		96,8,1									96,8,1								96,8,1							64,8,1							120,8,1							104,8,1	104,8,1													80,8,1								112,8,1	96,8,1	80,8,1	96,8,1	112,8,1	96,8,1	48,8,1	112,8,1	112,8,1	112,8,1
星霜之冥雷宝刀			80,8,1	64,8,1		96,8,1									96,8,1								96,8,1							64,8,1							120,8,1							104,8,1	104,8,1													80,8,1								112,8,1	96,8,1	80,8,1	96,8,1	112,8,1	96,8,1	48,8,1	112,8,1	112,8,1	112,8,1
星霜之轰鸣神剑			80,8,1	64,8,1		96,8,1									96,8,1								96,8,1							64,8,1							120,8,1							104,8,1	104,8,1													80,8,1								112,8,1	96,8,1	80,8,1	96,8,1	112,8,1	96,8,1	48,8,1	112,8,1	112,8,1	112,8,1
星霜之昊天剑			80,8,1	64,8,1		96,8,1									96,8,1								96,8,1							64,8,1							120,8,1							104,8,1	104,8,1													80,8,1								112,8,1	96,8,1	80,8,1	96,8,1	112,8,1	96,8,1	48,8,1	112,8,1	112,8,1	112,8,1
星霜之清虚剑			80,8,1	64,8,1		96,8,1									96,8,1								96,8,1							64,8,1							120,8,1							104,8,1	104,8,1													80,8,1								112,8,1	96,8,1	80,8,1	96,8,1	112,8,1	96,8,1	48,8,1	112,8,1	112,8,1	112,8,1
月阙之重劫缠手																																																																											
月阙之杀劫法棍																																																																											
月阙之破劫戒刀																																																																											
月阙之奋武神锤			80,8,1	64,8,1				64,8,1									88,8,1								96,8,1							48,8,1							80,8,1									128,8,1	96,8,1											80,8,1						112,8,1	96,8,1	80,8,1	96,8,1	112,8,1	96,8,1	48,8,1	112,8,1	112,8,1	112,8,1
月阙之烽烟枪			80,8,1	64,8,1			64,8,1									96,8,1								96,8,1							48,8,1							80,8,1								104,8,1	96,8,1												96,8,1							112,8,1	96,8,1	80,8,1	96,8,1	112,8,1	96,8,1	48,8,1	112,8,1	112,8,1	112,8,1
月阙之长空宝刀			80,8,1	64,8,1		96,8,1									96,8,1								96,8,1							64,8,1							120,8,1							104,8,1	104,8,1													80,8,1								112,8,1	96,8,1	80,8,1	96,8,1	112,8,1	96,8,1	48,8,1	112,8,1	112,8,1	112,8,1
月阙之惊鸿宝剑			80,8,1	64,8,1		96,8,1									96,8,1								96,8,1							64,8,1							120,8,1							104,8,1	104,8,1													80,8,1								112,8,1	96,8,1	80,8,1	96,8,1	112,8,1	96,8,1	48,8,1	112,8,1	112,8,1	112,8,1
月阙之晓月缠手			80,8,1	64,8,1	64,8,1	96,8,1	64,8,1	64,8,1					96,8,1	96,8,1	96,8,1	96,8,1	96,8,1				96,8,1	96,8,1	96,8,1	96,8,1	96,8,1				64,8,1	64,8,1	48,8,1	48,8,1				104,8,1	120,8,1	80,8,1	80,8,1				96,8,1	104,8,1	104,8,1	104,8,1	96,8,1	128,8,1	96,8,1							96,8,1	96,8,1	80,8,1	96,8,1	80,8,1				96,8,1	112,8,1	112,8,1	96,8,1	80,8,1	96,8,1	112,8,1	96,8,1	48,8,1	112,8,1	112,8,1	112,8,1
月阙之相思宝刀			80,8,1	64,8,1		96,8,1									96,8,1								96,8,1							64,8,1							120,8,1							104,8,1	104,8,1													80,8,1								112,8,1	96,8,1	80,8,1	96,8,1	112,8,1	96,8,1	48,8,1	112,8,1	112,8,1	112,8,1
月阙之风月鸳鸯刀			80,8,1	64,8,1				64,8,1									88,8,1								96,8,1							48,8,1							80,8,1									128,8,1	96,8,1											80,8,1						112,8,1	96,8,1	80,8,1	96,8,1	112,8,1	96,8,1	48,8,1	112,8,1	112,8,1	112,8,1
月阙之百毒缠手			80,8,1	64,8,1	64,8,1	96,8,1	64,8,1	64,8,1					96,8,1	96,8,1	96,8,1	96,8,1	96,8,1				96,8,1	96,8,1	96,8,1	96,8,1	96,8,1				64,8,1	64,8,1	48,8,1	48,8,1				104,8,1	120,8,1	80,8,1	80,8,1				96,8,1	104,8,1	104,8,1	104,8,1	96,8,1	128,8,1	96,8,1							96,8,1	96,8,1	80,8,1	96,8,1	80,8,1				96,8,1	112,8,1	112,8,1	96,8,1	80,8,1	96,8,1	112,8,1	96,8,1	48,8,1	112,8,1	112,8,1	112,8,1
月阙之幽冥血刃			80,8,1	64,8,1		96,8,1									96,8,1								96,8,1							64,8,1							120,8,1							104,8,1	104,8,1													80,8,1								112,8,1	96,8,1	80,8,1	96,8,1	112,8,1	96,8,1	48,8,1	112,8,1	112,8,1	112,8,1
月阙之催命飞刀			80,8,1	64,8,1	64,8,1	96,8,1	64,8,1	64,8,1					96,8,1	96,8,1	96,8,1	96,8,1	96,8,1				96,8,1	96,8,1	96,8,1	96,8,1	96,8,1				64,8,1	64,8,1	48,8,1	48,8,1				104,8,1	120,8,1	80,8,1	80,8,1				96,8,1	104,8,1	104,8,1	104,8,1	96,8,1	128,8,1	96,8,1							96,8,1	96,8,1	80,8,1	96,8,1	80,8,1				96,8,1	112,8,1	112,8,1	96,8,1	80,8,1	96,8,1	112,8,1	96,8,1	48,8,1	112,8,1	112,8,1	112,8,1
月阙之秘毒袖箭			80,8,1	64,8,1	64,8,1	96,8,1	64,8,1	64,8,1					96,8,1	96,8,1	96,8,1	96,8,1	96,8,1				96,8,1	96,8,1	96,8,1	96,8,1	96,8,1				64,8,1	64,8,1	48,8,1	48,8,1				104,8,1	120,8,1	80,8,1	80,8,1				96,8,1	104,8,1	104,8,1	104,8,1	96,8,1	128,8,1	96,8,1							96,8,1	96,8,1	80,8,1	96,8,1	80,8,1				96,8,1	112,8,1	112,8,1	96,8,1	80,8,1	96,8,1	112,8,1	96,8,1	48,8,1	112,8,1	112,8,1	112,8,1
月阙之蔓荼飞镖			80,8,1	64,8,1	64,8,1	96,8,1	64,8,1	64,8,1					96,8,1	96,8,1	96,8,1	96,8,1	96,8,1				96,8,1	96,8,1	96,8,1	96,8,1	96,8,1				64,8,1	64,8,1	48,8,1	48,8,1				104,8,1	120,8,1	80,8,1	80,8,1				96,8,1	104,8,1	104,8,1	104,8,1	96,8,1	128,8,1	96,8,1							96,8,1	96,8,1	80,8,1	96,8,1	80,8,1				96,8,1	112,8,1	112,8,1	96,8,1	80,8,1	96,8,1	112,8,1	96,8,1	48,8,1	112,8,1	112,8,1	112,8,1
月阙之赤龙缠手			80,8,1	64,8,1	64,8,1	96,8,1	64,8,1	64,8,1					96,8,1	96,8,1	96,8,1	96,8,1	96,8,1				96,8,1	96,8,1	96,8,1	96,8,1	96,8,1				64,8,1	64,8,1	48,8,1	48,8,1				104,8,1	120,8,1	80,8,1	80,8,1				96,8,1	104,8,1	104,8,1	104,8,1	96,8,1	128,8,1	96,8,1							96,8,1	96,8,1	80,8,1	96,8,1	80,8,1				96,8,1	112,8,1	112,8,1	96,8,1	80,8,1	96,8,1	112,8,1	96,8,1	48,8,1	112,8,1	112,8,1	112,8,1
月阙之豪杰杖			80,8,1	64,8,1			64,8,1									96,8,1								96,8,1							48,8,1							80,8,1								104,8,1	96,8,1												96,8,1							112,8,1	96,8,1	80,8,1	96,8,1	112,8,1	96,8,1	48,8,1	112,8,1	112,8,1	112,8,1
月阙之贪狼枪			80,8,1	64,8,1			64,8,1									96,8,1								96,8,1							48,8,1							80,8,1								104,8,1	96,8,1												96,8,1							112,8,1	96,8,1	80,8,1	96,8,1	112,8,1	96,8,1	48,8,1	112,8,1	112,8,1	112,8,1
月阙之烈阳宝刀			80,8,1	64,8,1		96,8,1									96,8,1								96,8,1							64,8,1							120,8,1							104,8,1	104,8,1													80,8,1								112,8,1	96,8,1	80,8,1	96,8,1	112,8,1	96,8,1	48,8,1	112,8,1	112,8,1	112,8,1
月阙之灵动神剑			80,8,1	64,8,1		96,8,1									96,8,1								96,8,1							64,8,1							120,8,1							104,8,1	104,8,1													80,8,1								112,8,1	96,8,1	80,8,1	96,8,1	112,8,1	96,8,1	48,8,1	112,8,1	112,8,1	112,8,1
月阙之幻影神剑			80,8,1	64,8,1		96,8,1									96,8,1								96,8,1							64,8,1							120,8,1							104,8,1	104,8,1													80,8,1								112,8,1	96,8,1	80,8,1	96,8,1	112,8,1	96,8,1	48,8,1	112,8,1	112,8,1	112,8,1
月阙之凌风宝刀			80,8,1	64,8,1		96,8,1									96,8,1								96,8,1							64,8,1							120,8,1							104,8,1	104,8,1													80,8,1								112,8,1	96,8,1	80,8,1	96,8,1	112,8,1	96,8,1	48,8,1	112,8,1	112,8,1	112,8,1
月阙之沐雨神剑			80,8,1	64,8,1		96,8,1									96,8,1								96,8,1							64,8,1							120,8,1							104,8,1	104,8,1													80,8,1								112,8,1	96,8,1	80,8,1	96,8,1	112,8,1	96,8,1	48,8,1	112,8,1	112,8,1	112,8,1
月阙之清风剑			80,8,1	64,8,1		96,8,1									96,8,1								96,8,1							64,8,1							120,8,1							104,8,1	104,8,1													80,8,1								112,8,1	96,8,1	80,8,1	96,8,1	112,8,1	96,8,1	48,8,1	112,8,1	112,8,1	112,8,1
月阙之逸影剑			80,8,1	64,8,1		96,8,1									96,8,1								96,8,1							64,8,1							120,8,1							104,8,1	104,8,1													80,8,1								112,8,1	96,8,1	80,8,1	96,8,1	112,8,1	96,8,1	48,8,1	112,8,1	112,8,1	112,8,1
耀阳之梦龙缠手																																																																											
耀阳之伏魔法棍																																																																											
耀阳之四空戒刀																																																																											
耀阳之撼天神锤			80,8,1	64,8,1				64,8,1									88,8,1								96,8,1							48,8,1							80,8,1									128,8,1	96,8,1											80,8,1						112,8,1	96,8,1	80,8,1	96,8,1	112,8,1	96,8,1	48,8,1	112,8,1	112,8,1	112,8,1
耀阳之继业枪			80,8,1	64,8,1			64,8,1									96,8,1								96,8,1							48,8,1							80,8,1								104,8,1	96,8,1												96,8,1							112,8,1	96,8,1	80,8,1	96,8,1	112,8,1	96,8,1	48,8,1	112,8,1	112,8,1	112,8,1
耀阳之御龙宝刀			80,8,1	64,8,1		96,8,1									96,8,1								96,8,1							64,8,1							120,8,1							104,8,1	104,8,1													80,8,1								112,8,1	96,8,1	80,8,1	96,8,1	112,8,1	96,8,1	48,8,1	112,8,1	112,8,1	112,8,1
耀阳之无间宝剑			80,8,1	64,8,1		96,8,1									96,8,1								96,8,1							64,8,1							120,8,1							104,8,1	104,8,1													80,8,1								112,8,1	96,8,1	80,8,1	96,8,1	112,8,1	96,8,1	48,8,1	112,8,1	112,8,1	112,8,1
耀阳之无魇缠手			80,8,1	64,8,1	64,8,1	96,8,1	64,8,1	64,8,1					96,8,1	96,8,1	96,8,1	96,8,1	96,8,1				96,8,1	96,8,1	96,8,1	96,8,1	96,8,1				64,8,1	64,8,1	48,8,1	48,8,1				104,8,1	120,8,1	80,8,1	80,8,1				96,8,1	104,8,1	104,8,1	104,8,1	96,8,1	128,8,1	96,8,1							96,8,1	96,8,1	80,8,1	96,8,1	80,8,1				96,8,1	112,8,1	112,8,1	96,8,1	80,8,1	96,8,1	112,8,1	96,8,1	48,8,1	112,8,1	112,8,1	112,8,1
耀阳之栖凰宝刀			80,8,1	64,8,1		96,8,1									96,8,1								96,8,1							64,8,1							120,8,1							104,8,1	104,8,1													80,8,1								112,8,1	96,8,1	80,8,1	96,8,1	112,8,1	96,8,1	48,8,1	112,8,1	112,8,1	112,8,1
耀阳之碧海鸳鸯刀			80,8,1	64,8,1				64,8,1									88,8,1								96,8,1							48,8,1							80,8,1									128,8,1	96,8,1											80,8,1						112,8,1	96,8,1	80,8,1	96,8,1	112,8,1	96,8,1	48,8,1	112,8,1	112,8,1	112,8,1
耀阳之幽胧缠手			80,8,1	64,8,1	64,8,1	96,8,1	64,8,1	64,8,1					96,8,1	96,8,1	96,8,1	96,8,1	96,8,1				96,8,1	96,8,1	96,8,1	96,8,1	96,8,1				64,8,1	64,8,1	48,8,1	48,8,1				104,8,1	120,8,1	80,8,1	80,8,1				96,8,1	104,8,1	104,8,1	104,8,1	96,8,1	128,8,1	96,8,1							96,8,1	96,8,1	80,8,1	96,8,1	80,8,1				96,8,1	112,8,1	112,8,1	96,8,1	80,8,1	96,8,1	112,8,1	96,8,1	48,8,1	112,8,1	112,8,1	112,8,1
耀阳之冥幻血刃			80,8,1	64,8,1		96,8,1									96,8,1								96,8,1							64,8,1							120,8,1							104,8,1	104,8,1													80,8,1								112,8,1	96,8,1	80,8,1	96,8,1	112,8,1	96,8,1	48,8,1	112,8,1	112,8,1	112,8,1
耀阳之冰寒飞刀			80,8,1	64,8,1	64,8,1	96,8,1	64,8,1	64,8,1					96,8,1	96,8,1	96,8,1	96,8,1	96,8,1				96,8,1	96,8,1	96,8,1	96,8,1	96,8,1				64,8,1	64,8,1	48,8,1	48,8,1				104,8,1	120,8,1	80,8,1	80,8,1				96,8,1	104,8,1	104,8,1	104,8,1	96,8,1	128,8,1	96,8,1							96,8,1	96,8,1	80,8,1	96,8,1	80,8,1				96,8,1	112,8,1	112,8,1	96,8,1	80,8,1	96,8,1	112,8,1	96,8,1	48,8,1	112,8,1	112,8,1	112,8,1
耀阳之天光袖箭			80,8,1	64,8,1	64,8,1	96,8,1	64,8,1	64,8,1					96,8,1	96,8,1	96,8,1	96,8,1	96,8,1				96,8,1	96,8,1	96,8,1	96,8,1	96,8,1				64,8,1	64,8,1	48,8,1	48,8,1				104,8,1	120,8,1	80,8,1	80,8,1				96,8,1	104,8,1	104,8,1	104,8,1	96,8,1	128,8,1	96,8,1							96,8,1	96,8,1	80,8,1	96,8,1	80,8,1				96,8,1	112,8,1	112,8,1	96,8,1	80,8,1	96,8,1	112,8,1	96,8,1	48,8,1	112,8,1	112,8,1	112,8,1
耀阳之森荒飞镖			80,8,1	64,8,1	64,8,1	96,8,1	64,8,1	64,8,1					96,8,1	96,8,1	96,8,1	96,8,1	96,8,1				96,8,1	96,8,1	96,8,1	96,8,1	96,8,1				64,8,1	64,8,1	48,8,1	48,8,1				104,8,1	120,8,1	80,8,1	80,8,1				96,8,1	104,8,1	104,8,1	104,8,1	96,8,1	128,8,1	96,8,1							96,8,1	96,8,1	80,8,1	96,8,1	80,8,1				96,8,1	112,8,1	112,8,1	96,8,1	80,8,1	96,8,1	112,8,1	96,8,1	48,8,1	112,8,1	112,8,1	112,8,1
耀阳之同仇缠手			80,8,1	64,8,1	64,8,1	96,8,1	64,8,1	64,8,1					96,8,1	96,8,1	96,8,1	96,8,1	96,8,1				96,8,1	96,8,1	96,8,1	96,8,1	96,8,1				64,8,1	64,8,1	48,8,1	48,8,1				104,8,1	120,8,1	80,8,1	80,8,1				96,8,1	104,8,1	104,8,1	104,8,1	96,8,1	128,8,1	96,8,1							96,8,1	96,8,1	80,8,1	96,8,1	80,8,1				96,8,1	112,8,1	112,8,1	96,8,1	80,8,1	96,8,1	112,8,1	96,8,1	48,8,1	112,8,1	112,8,1	112,8,1
耀阳之敌忾杖			80,8,1	64,8,1			64,8,1									96,8,1								96,8,1							48,8,1							80,8,1								104,8,1	96,8,1												96,8,1							112,8,1	96,8,1	80,8,1	96,8,1	112,8,1	96,8,1	48,8,1	112,8,1	112,8,1	112,8,1
耀阳之魔煞枪			80,8,1	64,8,1			64,8,1									96,8,1								96,8,1							48,8,1							80,8,1								104,8,1	96,8,1												96,8,1							112,8,1	96,8,1	80,8,1	96,8,1	112,8,1	96,8,1	48,8,1	112,8,1	112,8,1	112,8,1
耀阳之魔煌宝刀			80,8,1	64,8,1		96,8,1									96,8,1								96,8,1							64,8,1							120,8,1							104,8,1	104,8,1													80,8,1								112,8,1	96,8,1	80,8,1	96,8,1	112,8,1	96,8,1	48,8,1	112,8,1	112,8,1	112,8,1
耀阳之凌岳神剑			80,8,1	64,8,1		96,8,1									96,8,1								96,8,1							64,8,1							120,8,1							104,8,1	104,8,1													80,8,1								112,8,1	96,8,1	80,8,1	96,8,1	112,8,1	96,8,1	48,8,1	112,8,1	112,8,1	112,8,1
耀阳之及丰神剑			80,8,1	64,8,1		96,8,1									96,8,1								96,8,1							64,8,1							120,8,1							104,8,1	104,8,1													80,8,1								112,8,1	96,8,1	80,8,1	96,8,1	112,8,1	96,8,1	48,8,1	112,8,1	112,8,1	112,8,1
耀阳之霜晶宝刀			80,8,1	64,8,1		96,8,1									96,8,1								96,8,1							64,8,1							120,8,1							104,8,1	104,8,1													80,8,1								112,8,1	96,8,1	80,8,1	96,8,1	112,8,1	96,8,1	48,8,1	112,8,1	112,8,1	112,8,1
耀阳之雷穹神剑			80,8,1	64,8,1		96,8,1									96,8,1								96,8,1							64,8,1							120,8,1							104,8,1	104,8,1													80,8,1								112,8,1	96,8,1	80,8,1	96,8,1	112,8,1	96,8,1	48,8,1	112,8,1	112,8,1	112,8,1
耀阳之浮云剑			80,8,1	64,8,1		96,8,1									96,8,1								96,8,1							64,8,1							120,8,1							104,8,1	104,8,1													80,8,1								112,8,1	96,8,1	80,8,1	96,8,1	112,8,1	96,8,1	48,8,1	112,8,1	112,8,1	112,8,1
耀阳之冲云剑			80,8,1	64,8,1		96,8,1									96,8,1								96,8,1							64,8,1							120,8,1							104,8,1	104,8,1													80,8,1								112,8,1	96,8,1	80,8,1	96,8,1	112,8,1	96,8,1	48,8,1	112,8,1	112,8,1	112,8,1
武魂武器刀1	80,8,1	80,8,1							120,8,1	120,8,1								248,8,1	248,8,1							96,8,1	96,8,1						104,8,1	104,8,1						96,8,1	96,8,1									232,8,1	192,8,1	232,8,1	192,8,1								176,8,1	176,8,1				112,8,1	96,8,1	80,8,1	96,8,1	112,8,1	96,8,1	48,8,1	112,8,1	112,8,1	112,8,1
武魂武器盾1	80,8,1	80,8,1							120,8,1	120,8,1								248,8,1	248,8,1							96,8,1	96,8,1						104,8,1	104,8,1						96,8,1	96,8,1									232,8,1	192,8,1	232,8,1	192,8,1								176,8,1	176,8,1				112,8,1	96,8,1	80,8,1	96,8,1	112,8,1	96,8,1	48,8,1	112,8,1	112,8,1	112,8,1
武魂武器刀2	80,8,1	80,8,1							120,8,1	120,8,1								248,8,1	248,8,1							96,8,1	96,8,1						104,8,1	104,8,1						96,8,1	96,8,1									232,8,1	192,8,1	232,8,1	192,8,1								176,8,1	176,8,1				112,8,1	96,8,1	80,8,1	96,8,1	112,8,1	96,8,1	48,8,1	112,8,1	112,8,1	112,8,1
武魂武器盾2	80,8,1	80,8,1							120,8,1	120,8,1								248,8,1	248,8,1							96,8,1	96,8,1						104,8,1	104,8,1						96,8,1	96,8,1									232,8,1	192,8,1	232,8,1	192,8,1								176,8,1	176,8,1				112,8,1	96,8,1	80,8,1	96,8,1	112,8,1	96,8,1	48,8,1	112,8,1	112,8,1	112,8,1
武魂月阙刀	80,8,1	80,8,1							120,8,1	120,8,1								248,8,1	248,8,1							96,8,1	96,8,1						104,8,1	104,8,1						96,8,1	96,8,1									232,8,1	192,8,1	232,8,1	192,8,1								176,8,1	176,8,1				112,8,1	96,8,1	80,8,1	96,8,1	112,8,1	96,8,1	48,8,1	112,8,1	112,8,1	112,8,1
武魂月阙盾	80,8,1	80,8,1							120,8,1	120,8,1								248,8,1	248,8,1							96,8,1	96,8,1						104,8,1	104,8,1						96,8,1	96,8,1									232,8,1	192,8,1	232,8,1	192,8,1								176,8,1	176,8,1				112,8,1	96,8,1	80,8,1	96,8,1	112,8,1	96,8,1	48,8,1	112,8,1	112,8,1	112,8,1
武魂日曜刀	80,8,1	80,8,1							120,8,1	120,8,1								248,8,1	248,8,1							96,8,1	96,8,1						104,8,1	104,8,1						96,8,1	96,8,1									232,8,1	192,8,1	232,8,1	192,8,1								176,8,1	176,8,1				112,8,1	96,8,1	80,8,1	96,8,1	112,8,1	96,8,1	48,8,1	112,8,1	112,8,1	112,8,1
武魂日曜盾	80,8,1	80,8,1							120,8,1	120,8,1								248,8,1	248,8,1							96,8,1	96,8,1						104,8,1	104,8,1						96,8,1	96,8,1									232,8,1	192,8,1	232,8,1	192,8,1								176,8,1	176,8,1				112,8,1	96,8,1	80,8,1	96,8,1	112,8,1	96,8,1	48,8,1	112,8,1	112,8,1	112,8,1
武魂新手武器刀	80,8,1	80,8,1							120,8,1	120,8,1								248,8,1	248,8,1							96,8,1	96,8,1						104,8,1	104,8,1						96,8,1	96,8,1									232,8,1	192,8,1	232,8,1	192,8,1								176,8,1	176,8,1				112,8,1	96,8,1	80,8,1	96,8,1	112,8,1	96,8,1	48,8,1	112,8,1	112,8,1	112,8,1
武魂新手武器盾	80,8,1	80,8,1							120,8,1	120,8,1								248,8,1	248,8,1							96,8,1	96,8,1						104,8,1	104,8,1						96,8,1	96,8,1									232,8,1	192,8,1	232,8,1	192,8,1								176,8,1	176,8,1				112,8,1	96,8,1	80,8,1	96,8,1	112,8,1	96,8,1	48,8,1	112,8,1	112,8,1	112,8,1
英豪之少林手																																																																											
英豪之少林棍																																																																											
英豪之少林刀																																																																											
英豪之天王锤			80,8,1	64,8,1				64,8,1									88,8,1								96,8,1							48,8,1							80,8,1									128,8,1	96,8,1											80,8,1						112,8,1	96,8,1	80,8,1	96,8,1	112,8,1	96,8,1	48,8,1	112,8,1	112,8,1	112,8,1
英豪之天王枪			80,8,1	64,8,1			64,8,1									96,8,1								96,8,1							48,8,1							80,8,1								104,8,1	96,8,1												96,8,1							112,8,1	96,8,1	80,8,1	96,8,1	112,8,1	96,8,1	48,8,1	112,8,1	112,8,1	112,8,1
英豪之天王刀			80,8,1	64,8,1		96,8,1									96,8,1								96,8,1							64,8,1							120,8,1							104,8,1	104,8,1													80,8,1								112,8,1	96,8,1	80,8,1	96,8,1	112,8,1	96,8,1	48,8,1	112,8,1	112,8,1	112,8,1
英豪之峨眉剑			80,8,1	64,8,1		96,8,1									96,8,1								96,8,1							64,8,1							120,8,1							104,8,1	104,8,1													80,8,1								112,8,1	96,8,1	80,8,1	96,8,1	112,8,1	96,8,1	48,8,1	112,8,1	112,8,1	112,8,1
英豪之峨眉手			80,8,1	64,8,1	64,8,1								96,8,1	96,8,1							96,8,1	96,8,1	96,8,1	96,8,1	96,8,1				64,8,1							104,8,1							96,8,1													96,8,1	96,8,1							96,8,1	112,8,1	112,8,1	96,8,1	80,8,1	96,8,1	112,8,1	96,8,1	48,8,1	112,8,1	112,8,1	112,8,1
英豪之翠烟单刀			80,8,1	64,8,1		96,8,1									96,8,1								96,8,1							64,8,1							120,8,1							104,8,1	104,8,1													80,8,1								112,8,1	96,8,1	80,8,1	96,8,1	112,8,1	96,8,1	48,8,1	112,8,1	112,8,1	112,8,1
英豪之翠烟双刀			80,8,1	64,8,1				64,8,1									88,8,1								96,8,1							48,8,1							80,8,1									128,8,1	96,8,1											80,8,1						112,8,1	96,8,1	80,8,1	96,8,1	112,8,1	96,8,1	48,8,1	112,8,1	112,8,1	112,8,1
英豪之五毒手			80,8,1	64,8,1	64,8,1								96,8,1	96,8,1							96,8,1	96,8,1	96,8,1	96,8,1	96,8,1				64,8,1							104,8,1							96,8,1													96,8,1	96,8,1							96,8,1	112,8,1	112,8,1	96,8,1	80,8,1	96,8,1	112,8,1	96,8,1	48,8,1	112,8,1	112,8,1	112,8,1
英豪之五毒刀			80,8,1	64,8,1		96,8,1									96,8,1								96,8,1							64,8,1							120,8,1							104,8,1	104,8,1													80,8,1								112,8,1	96,8,1	80,8,1	96,8,1	112,8,1	96,8,1	48,8,1	112,8,1	112,8,1	112,8,1
英豪之唐门飞刀			80,8,1	64,8,1	64,8,1								96,8,1	96,8,1							96,8,1	96,8,1	96,8,1	96,8,1	96,8,1				64,8,1							104,8,1							96,8,1													96,8,1	96,8,1							96,8,1	112,8,1	112,8,1	96,8,1	80,8,1	96,8,1	112,8,1	96,8,1	48,8,1	112,8,1	112,8,1	112,8,1
英豪之唐门袖箭			80,8,1	64,8,1	64,8,1								96,8,1	96,8,1							96,8,1	96,8,1	96,8,1	96,8,1	96,8,1				64,8,1							104,8,1							96,8,1													96,8,1	96,8,1							96,8,1	112,8,1	112,8,1	96,8,1	80,8,1	96,8,1	112,8,1	96,8,1	48,8,1	112,8,1	112,8,1	112,8,1
英豪之唐门飞镖			80,8,1	64,8,1	64,8,1								96,8,1	96,8,1							96,8,1	96,8,1	96,8,1	96,8,1	96,8,1				64,8,1							104,8,1							96,8,1													96,8,1	96,8,1							96,8,1	112,8,1	112,8,1	96,8,1	80,8,1	96,8,1	112,8,1	96,8,1	48,8,1	112,8,1	112,8,1	112,8,1
英豪之丐帮缠手			80,8,1	64,8,1	64,8,1								96,8,1	96,8,1							96,8,1	96,8,1	96,8,1	96,8,1	96,8,1				64,8,1							104,8,1							96,8,1													96,8,1	96,8,1							96,8,1	112,8,1	112,8,1	96,8,1	80,8,1	96,8,1	112,8,1	96,8,1	48,8,1	112,8,1	112,8,1	112,8,1
英豪之丐帮杖			80,8,1	64,8,1			64,8,1									96,8,1								96,8,1							48,8,1							80,8,1								104,8,1	96,8,1												96,8,1							112,8,1	96,8,1	80,8,1	96,8,1	112,8,1	96,8,1	48,8,1	112,8,1	112,8,1	112,8,1
英豪之天忍枪			80,8,1	64,8,1			64,8,1									96,8,1								96,8,1							48,8,1							80,8,1								104,8,1	96,8,1												96,8,1							112,8,1	96,8,1	80,8,1	96,8,1	112,8,1	96,8,1	48,8,1	112,8,1	112,8,1	112,8,1
英豪之天忍刀			80,8,1	64,8,1		96,8,1									96,8,1								96,8,1							64,8,1							120,8,1							104,8,1	104,8,1													80,8,1								112,8,1	96,8,1	80,8,1	96,8,1	112,8,1	96,8,1	48,8,1	112,8,1	112,8,1	112,8,1
英豪之武当剑			80,8,1	64,8,1		96,8,1									96,8,1								96,8,1							64,8,1							120,8,1							104,8,1	104,8,1													80,8,1								112,8,1	96,8,1	80,8,1	96,8,1	112,8,1	96,8,1	48,8,1	112,8,1	112,8,1	112,8,1
英豪之武当剑			80,8,1	64,8,1		96,8,1									96,8,1								96,8,1							64,8,1							120,8,1							104,8,1	104,8,1													80,8,1								112,8,1	96,8,1	80,8,1	96,8,1	112,8,1	96,8,1	48,8,1	112,8,1	112,8,1	112,8,1
英豪之昆仑刀			80,8,1	64,8,1		96,8,1									96,8,1								96,8,1							64,8,1							120,8,1							104,8,1	104,8,1													80,8,1								112,8,1	96,8,1	80,8,1	96,8,1	112,8,1	96,8,1	48,8,1	112,8,1	112,8,1	112,8,1
英豪之昆仑剑			80,8,1	64,8,1		96,8,1									96,8,1								96,8,1							64,8,1							120,8,1							104,8,1	104,8,1													80,8,1								112,8,1	96,8,1	80,8,1	96,8,1	112,8,1	96,8,1	48,8,1	112,8,1	112,8,1	112,8,1
英豪之华山剑			80,8,1	64,8,1		96,8,1									96,8,1								96,8,1							64,8,1							120,8,1							104,8,1	104,8,1													80,8,1								112,8,1	96,8,1	80,8,1	96,8,1	112,8,1	96,8,1	48,8,1	112,8,1	112,8,1	112,8,1
英豪之华山剑			80,8,1	64,8,1		96,8,1									96,8,1								96,8,1							64,8,1							120,8,1							104,8,1	104,8,1													80,8,1								112,8,1	96,8,1	80,8,1	96,8,1	112,8,1	96,8,1	48,8,1	112,8,1	112,8,1	112,8,1
英豪之武魂盾法	80,8,1	80,8,1							120,8,1	120,8,1								248,8,1	248,8,1							96,8,1	96,8,1						104,8,1	104,8,1						96,8,1	96,8,1									232,8,1	192,8,1	232,8,1	192,8,1								176,8,1	176,8,1				112,8,1	96,8,1	80,8,1	96,8,1	112,8,1	96,8,1	48,8,1	112,8,1	112,8,1	112,8,1
英豪之武魂刀法	80,8,1	80,8,1							120,8,1	120,8,1								248,8,1	248,8,1							96,8,1	96,8,1						104,8,1	104,8,1						96,8,1	96,8,1									232,8,1	192,8,1	232,8,1	192,8,1								176,8,1	176,8,1				112,8,1	96,8,1	80,8,1	96,8,1	112,8,1	96,8,1	48,8,1	112,8,1	112,8,1	112,8,1
逍遥剑1			80,8,1	64,8,1		96,8,1									96,8,1								96,8,1							64,8,1							120,8,1							104,8,1	104,8,1													80,8,1								112,8,1	96,8,1	80,8,1	96,8,1	112,8,1	96,8,1	48,8,1	112,8,1	112,8,1	112,8,1
逍遥剑2			80,8,1	64,8,1		96,8,1									96,8,1								96,8,1							64,8,1							120,8,1							104,8,1	104,8,1													80,8,1								112,8,1	96,8,1	80,8,1	96,8,1	112,8,1	96,8,1	48,8,1	112,8,1	112,8,1	112,8,1
逍遥剑3			80,8,1	64,8,1		96,8,1									96,8,1								96,8,1							64,8,1							120,8,1							104,8,1	104,8,1													80,8,1								112,8,1	96,8,1	80,8,1	96,8,1	112,8,1	96,8,1	48,8,1	112,8,1	112,8,1	112,8,1
逍遥剑4			80,8,1	64,8,1		96,8,1									96,8,1								96,8,1							64,8,1							120,8,1							104,8,1	104,8,1													80,8,1								112,8,1	96,8,1	80,8,1	96,8,1	112,8,1	96,8,1	48,8,1	112,8,1	112,8,1	112,8,1
逍遥琴1											80,8,1	88,8,1								96,8,1								192,8,1							88,8,1							96,8,1												144,8,1	240,8,1								104,8,1			112,8,1	96,8,1	80,8,1	96,8,1	112,8,1	96,8,1	48,8,1	112,8,1	112,8,1	112,8,1
逍遥琴2											80,8,1	88,8,1								96,8,1								192,8,1							88,8,1							96,8,1												144,8,1	240,8,1								104,8,1			112,8,1	96,8,1	80,8,1	96,8,1	112,8,1	96,8,1	48,8,1	112,8,1	112,8,1	112,8,1
逍遥琴3											80,8,1	88,8,1								96,8,1								192,8,1							88,8,1							96,8,1												144,8,1	240,8,1								104,8,1			112,8,1	96,8,1	80,8,1	96,8,1	112,8,1	96,8,1	48,8,1	112,8,1	112,8,1	112,8,1
逍遥琴4											80,8,1	88,8,1								96,8,1								192,8,1							88,8,1							96,8,1												144,8,1	240,8,1								104,8,1			112,8,1	96,8,1	80,8,1	96,8,1	112,8,1	96,8,1	48,8,1	112,8,1	112,8,1	112,8,1
null																																																																											
