装备名称	刀盾站立1	盾刀站立1	空手站立1	空手站立2	空手站立3	短武器站立	长武器站立	双武器站立	刀盾武器站立	盾刀武器站立	琴战斗站立	琴非战斗站立	空手走路	普通走路	短武器走路	长武器走路	双武器走路	刀盾武器走路	盾刀武器走路	琴走路	空手跑步	普通跑步	短武器跑步	长武器跑步	双武器跑步	刀盾武器跑步	盾刀武器跑步	琴武器跑步	空手受伤	短武器受伤	长武器受伤	双武器受伤	刀盾武器受伤	盾刀武器受伤	琴武器受伤	空手死亡	短武器死亡	长武器死亡	双武器死亡	刀盾武器死亡	盾刀武器死亡	琴武器死亡	空手攻击	短武器刺	短武器砍	长武器戳	长武器劈	双武器划	双武器砸	刀盾武器划	刀盾武器砍	盾刀武器划	盾刀武器砍	琴武器攻击1	琴武器攻击2	暗器投掷	空手魔法	短武器魔法	长武器魔法	双武器魔法	刀盾武器魔法	盾刀武器魔法	琴武器魔法	打坐	跳跃	骑马站立	骑马走动	骑马跑步	骑马攻击劈	骑马攻击刺	骑马魔法	骑马受伤	骑马死亡	骑马站立1	骑马站立2
头部01	80,8,1	80,8,1	80,8,1	64,8,1	64,8,1	96,8,1	64,8,1	64,8,1	120,8,1	120,8,1	80,8,1	88,8,1	96,8,1	96,8,1	96,8,1	96,8,1	96,8,1	248,8,1	248,8,1	96,8,1	96,8,1	96,8,1	96,8,1	96,8,1	96,8,1	96,8,1	96,8,1	192,8,1	64,8,1	64,8,1	48,8,1	48,8,1	104,8,1	104,8,1	88,8,1	104,8,1	120,8,1	80,8,1	80,8,1	96,8,1	96,8,1	96,8,1	96,8,1	104,8,1	104,8,1	104,8,1	96,8,1	128,8,1	96,8,1	232,8,1	192,8,1	232,8,1	192,8,1	144,8,1	240,8,1	96,8,1	96,8,1	80,8,1	96,8,1	80,8,1	176,8,1	176,8,1	104,8,1	96,8,1	112,8,1	112,8,1	96,8,1	80,8,1	96,8,1	112,8,1	96,8,1	48,8,1	112,8,1	112,8,1	112,8,1
头部02	80,8,1	80,8,1	80,8,1	64,8,1	64,8,1	96,8,1	64,8,1	64,8,1	120,8,1	120,8,1	80,8,1	88,8,1	96,8,1	96,8,1	96,8,1	96,8,1	96,8,1	248,8,1	248,8,1	96,8,1	96,8,1	96,8,1	96,8,1	96,8,1	96,8,1	96,8,1	96,8,1	192,8,1	64,8,1	64,8,1	48,8,1	48,8,1	104,8,1	104,8,1	88,8,1	104,8,1	120,8,1	80,8,1	80,8,1	96,8,1	96,8,1	96,8,1	96,8,1	104,8,1	104,8,1	104,8,1	96,8,1	128,8,1	96,8,1	232,8,1	192,8,1	232,8,1	192,8,1	144,8,1	240,8,1	96,8,1	96,8,1	80,8,1	96,8,1	80,8,1	176,8,1	176,8,1	104,8,1	96,8,1	112,8,1	112,8,1	96,8,1	80,8,1	96,8,1	112,8,1	96,8,1	48,8,1	112,8,1	112,8,1	112,8,1
头部03	80,8,1	80,8,1	80,8,1	64,8,1	64,8,1	96,8,1	64,8,1	64,8,1	120,8,1	120,8,1	80,8,1	88,8,1	96,8,1	96,8,1	96,8,1	96,8,1	96,8,1	248,8,1	248,8,1	96,8,1	96,8,1	96,8,1	96,8,1	96,8,1	96,8,1	96,8,1	96,8,1	192,8,1	64,8,1	64,8,1	48,8,1	48,8,1	104,8,1	104,8,1	88,8,1	104,8,1	120,8,1	80,8,1	80,8,1	96,8,1	96,8,1	96,8,1	96,8,1	104,8,1	104,8,1	104,8,1	96,8,1	128,8,1	96,8,1	232,8,1	192,8,1	232,8,1	192,8,1	144,8,1	240,8,1	96,8,1	96,8,1	80,8,1	96,8,1	80,8,1	176,8,1	176,8,1	104,8,1	96,8,1	112,8,1	112,8,1	96,8,1	80,8,1	96,8,1	112,8,1	96,8,1	48,8,1	112,8,1	112,8,1	112,8,1
头部04	80,8,1	80,8,1	80,8,1	64,8,1	64,8,1	96,8,1	64,8,1	64,8,1	120,8,1	120,8,1	80,8,1	88,8,1	96,8,1	96,8,1	96,8,1	96,8,1	96,8,1	248,8,1	248,8,1	96,8,1	96,8,1	96,8,1	96,8,1	96,8,1	96,8,1	96,8,1	96,8,1	192,8,1	64,8,1	64,8,1	48,8,1	48,8,1	104,8,1	104,8,1	88,8,1	104,8,1	120,8,1	80,8,1	80,8,1	96,8,1	96,8,1	96,8,1	96,8,1	104,8,1	104,8,1	104,8,1	96,8,1	128,8,1	96,8,1	232,8,1	192,8,1	232,8,1	192,8,1	144,8,1	240,8,1	96,8,1	96,8,1	80,8,1	96,8,1	80,8,1	176,8,1	176,8,1	104,8,1	96,8,1	112,8,1	112,8,1	96,8,1	80,8,1	96,8,1	112,8,1	96,8,1	48,8,1	112,8,1	112,8,1	112,8,1
头部05	80,8,1	80,8,1	80,8,1	64,8,1	64,8,1	96,8,1	64,8,1	64,8,1	120,8,1	120,8,1	80,8,1	88,8,1	96,8,1	96,8,1	96,8,1	96,8,1	96,8,1	248,8,1	248,8,1	96,8,1	96,8,1	96,8,1	96,8,1	96,8,1	96,8,1	96,8,1	96,8,1	192,8,1	64,8,1	64,8,1	48,8,1	48,8,1	104,8,1	104,8,1	88,8,1	104,8,1	120,8,1	80,8,1	80,8,1	96,8,1	96,8,1	96,8,1	96,8,1	104,8,1	104,8,1	104,8,1	96,8,1	128,8,1	96,8,1	232,8,1	192,8,1	232,8,1	192,8,1	144,8,1	240,8,1	96,8,1	96,8,1	80,8,1	96,8,1	80,8,1	176,8,1	176,8,1	104,8,1	96,8,1	112,8,1	112,8,1	96,8,1	80,8,1	96,8,1	112,8,1	96,8,1	48,8,1	112,8,1	112,8,1	112,8,1
头部06	80,8,1	80,8,1	80,8,1	64,8,1	64,8,1	96,8,1	64,8,1	64,8,1	120,8,1	120,8,1	80,8,1	88,8,1	96,8,1	96,8,1	96,8,1	96,8,1	96,8,1	248,8,1	248,8,1	96,8,1	96,8,1	96,8,1	96,8,1	96,8,1	96,8,1	96,8,1	96,8,1	192,8,1	64,8,1	64,8,1	48,8,1	48,8,1	104,8,1	104,8,1	88,8,1	104,8,1	120,8,1	80,8,1	80,8,1	96,8,1	96,8,1	96,8,1	96,8,1	104,8,1	104,8,1	104,8,1	96,8,1	128,8,1	96,8,1	232,8,1	192,8,1	232,8,1	192,8,1	144,8,1	240,8,1	96,8,1	96,8,1	80,8,1	96,8,1	80,8,1	176,8,1	176,8,1	104,8,1	96,8,1	112,8,1	112,8,1	96,8,1	80,8,1	96,8,1	112,8,1	96,8,1	48,8,1	112,8,1	112,8,1	112,8,1
头部07	80,8,1	80,8,1	80,8,1	64,8,1	64,8,1	96,8,1	64,8,1	64,8,1	120,8,1	120,8,1	80,8,1	88,8,1	96,8,1	96,8,1	96,8,1	96,8,1	96,8,1	248,8,1	248,8,1	96,8,1	96,8,1	96,8,1	96,8,1	96,8,1	96,8,1	96,8,1	96,8,1	192,8,1	64,8,1	64,8,1	48,8,1	48,8,1	104,8,1	104,8,1	88,8,1	104,8,1	120,8,1	80,8,1	80,8,1	96,8,1	96,8,1	96,8,1	96,8,1	104,8,1	104,8,1	104,8,1	96,8,1	128,8,1	96,8,1	232,8,1	192,8,1	232,8,1	192,8,1	144,8,1	240,8,1	96,8,1	96,8,1	80,8,1	96,8,1	80,8,1	176,8,1	176,8,1	104,8,1	96,8,1	112,8,1	112,8,1	96,8,1	80,8,1	96,8,1	112,8,1	96,8,1	48,8,1	112,8,1	112,8,1	112,8,1
头部08	80,8,1	80,8,1	80,8,1	64,8,1	64,8,1	96,8,1	64,8,1	64,8,1	120,8,1	120,8,1	80,8,1	88,8,1	96,8,1	96,8,1	96,8,1	96,8,1	96,8,1	248,8,1	248,8,1	96,8,1	96,8,1	96,8,1	96,8,1	96,8,1	96,8,1	96,8,1	96,8,1	192,8,1	64,8,1	64,8,1	48,8,1	48,8,1	104,8,1	104,8,1	88,8,1	104,8,1	120,8,1	80,8,1	80,8,1	96,8,1	96,8,1	96,8,1	96,8,1	104,8,1	104,8,1	104,8,1	96,8,1	128,8,1	96,8,1	232,8,1	192,8,1	232,8,1	192,8,1	144,8,1	240,8,1	96,8,1	96,8,1	80,8,1	96,8,1	80,8,1	176,8,1	176,8,1	104,8,1	96,8,1	112,8,1	112,8,1	96,8,1	80,8,1	96,8,1	112,8,1	96,8,1	48,8,1	112,8,1	112,8,1	112,8,1
头部09	80,8,1	80,8,1	80,8,1	64,8,1	64,8,1	96,8,1	64,8,1	64,8,1	120,8,1	120,8,1	80,8,1	88,8,1	96,8,1	96,8,1	96,8,1	96,8,1	96,8,1	248,8,1	248,8,1	96,8,1	96,8,1	96,8,1	96,8,1	96,8,1	96,8,1	96,8,1	96,8,1	192,8,1	64,8,1	64,8,1	48,8,1	48,8,1	104,8,1	104,8,1	88,8,1	104,8,1	120,8,1	80,8,1	80,8,1	96,8,1	96,8,1	96,8,1	96,8,1	104,8,1	104,8,1	104,8,1	96,8,1	128,8,1	96,8,1	232,8,1	192,8,1	232,8,1	192,8,1	144,8,1	240,8,1	96,8,1	96,8,1	80,8,1	96,8,1	80,8,1	176,8,1	176,8,1	104,8,1	96,8,1	112,8,1	112,8,1	96,8,1	80,8,1	96,8,1	112,8,1	96,8,1	48,8,1	112,8,1	112,8,1	112,8,1
头部10	80,8,1	80,8,1	80,8,1	64,8,1	64,8,1	96,8,1	64,8,1	64,8,1	120,8,1	120,8,1	80,8,1	88,8,1	96,8,1	96,8,1	96,8,1	96,8,1	96,8,1	248,8,1	248,8,1	96,8,1	96,8,1	96,8,1	96,8,1	96,8,1	96,8,1	96,8,1	96,8,1	192,8,1	64,8,1	64,8,1	48,8,1	48,8,1	104,8,1	104,8,1	88,8,1	104,8,1	120,8,1	80,8,1	80,8,1	96,8,1	96,8,1	96,8,1	96,8,1	104,8,1	104,8,1	104,8,1	96,8,1	128,8,1	96,8,1	232,8,1	192,8,1	232,8,1	192,8,1	144,8,1	240,8,1	96,8,1	96,8,1	80,8,1	96,8,1	80,8,1	176,8,1	176,8,1	104,8,1	96,8,1	112,8,1	112,8,1	96,8,1	80,8,1	96,8,1	112,8,1	96,8,1	48,8,1	112,8,1	112,8,1	112,8,1
头部11	80,8,1	80,8,1	80,8,1	64,8,1	64,8,1	96,8,1	64,8,1	64,8,1	120,8,1	120,8,1	80,8,1	88,8,1	96,8,1	96,8,1	96,8,1	96,8,1	96,8,1	248,8,1	248,8,1	96,8,1	96,8,1	96,8,1	96,8,1	96,8,1	96,8,1	96,8,1	96,8,1	192,8,1	64,8,1	64,8,1	48,8,1	48,8,1	104,8,1	104,8,1	88,8,1	104,8,1	120,8,1	80,8,1	80,8,1	96,8,1	96,8,1	96,8,1	96,8,1	104,8,1	104,8,1	104,8,1	96,8,1	128,8,1	96,8,1	232,8,1	192,8,1	232,8,1	192,8,1	144,8,1	240,8,1	96,8,1	96,8,1	80,8,1	96,8,1	80,8,1	176,8,1	176,8,1	104,8,1	96,8,1	112,8,1	112,8,1	96,8,1	80,8,1	96,8,1	112,8,1	96,8,1	48,8,1	112,8,1	112,8,1	112,8,1
头部12	80,8,1	80,8,1	80,8,1	64,8,1	64,8,1	96,8,1	64,8,1	64,8,1	120,8,1	120,8,1	80,8,1	88,8,1	96,8,1	96,8,1	96,8,1	96,8,1	96,8,1	248,8,1	248,8,1	96,8,1	96,8,1	96,8,1	96,8,1	96,8,1	96,8,1	96,8,1	96,8,1	192,8,1	64,8,1	64,8,1	48,8,1	48,8,1	104,8,1	104,8,1	88,8,1	104,8,1	120,8,1	80,8,1	80,8,1	96,8,1	96,8,1	96,8,1	96,8,1	104,8,1	104,8,1	104,8,1	96,8,1	128,8,1	96,8,1	232,8,1	192,8,1	232,8,1	192,8,1	144,8,1	240,8,1	96,8,1	96,8,1	80,8,1	96,8,1	80,8,1	176,8,1	176,8,1	104,8,1	96,8,1	112,8,1	112,8,1	96,8,1	80,8,1	96,8,1	112,8,1	96,8,1	48,8,1	112,8,1	112,8,1	112,8,1
头部13	80,8,1	80,8,1	80,8,1	64,8,1	64,8,1	96,8,1	64,8,1	64,8,1	120,8,1	120,8,1	80,8,1	88,8,1	96,8,1	96,8,1	96,8,1	96,8,1	96,8,1	248,8,1	248,8,1	96,8,1	96,8,1	96,8,1	96,8,1	96,8,1	96,8,1	96,8,1	96,8,1	192,8,1	64,8,1	64,8,1	48,8,1	48,8,1	104,8,1	104,8,1	88,8,1	104,8,1	120,8,1	80,8,1	80,8,1	96,8,1	96,8,1	96,8,1	96,8,1	104,8,1	104,8,1	104,8,1	96,8,1	128,8,1	96,8,1	232,8,1	192,8,1	232,8,1	192,8,1	144,8,1	240,8,1	96,8,1	96,8,1	80,8,1	96,8,1	80,8,1	176,8,1	176,8,1	104,8,1	96,8,1	112,8,1	112,8,1	96,8,1	80,8,1	96,8,1	112,8,1	96,8,1	48,8,1	112,8,1	112,8,1	112,8,1
头部14	80,8,1	80,8,1	80,8,1	64,8,1	64,8,1	96,8,1	64,8,1	64,8,1	120,8,1	120,8,1	80,8,1	88,8,1	96,8,1	96,8,1	96,8,1	96,8,1	96,8,1	248,8,1	248,8,1	96,8,1	96,8,1	96,8,1	96,8,1	96,8,1	96,8,1	96,8,1	96,8,1	192,8,1	64,8,1	64,8,1	48,8,1	48,8,1	104,8,1	104,8,1	88,8,1	104,8,1	120,8,1	80,8,1	80,8,1	96,8,1	96,8,1	96,8,1	96,8,1	104,8,1	104,8,1	104,8,1	96,8,1	128,8,1	96,8,1	232,8,1	192,8,1	232,8,1	192,8,1	144,8,1	240,8,1	96,8,1	96,8,1	80,8,1	96,8,1	80,8,1	176,8,1	176,8,1	104,8,1	96,8,1	112,8,1	112,8,1	96,8,1	80,8,1	96,8,1	112,8,1	96,8,1	48,8,1	112,8,1	112,8,1	112,8,1
头部15	80,8,1	80,8,1	80,8,1	64,8,1	64,8,1	96,8,1	64,8,1	64,8,1	120,8,1	120,8,1	80,8,1	88,8,1	96,8,1	96,8,1	96,8,1	96,8,1	96,8,1	248,8,1	248,8,1	96,8,1	96,8,1	96,8,1	96,8,1	96,8,1	96,8,1	96,8,1	96,8,1	192,8,1	64,8,1	64,8,1	48,8,1	48,8,1	104,8,1	104,8,1	88,8,1	104,8,1	120,8,1	80,8,1	80,8,1	96,8,1	96,8,1	96,8,1	96,8,1	104,8,1	104,8,1	104,8,1	96,8,1	128,8,1	96,8,1	232,8,1	192,8,1	232,8,1	192,8,1	144,8,1	240,8,1	96,8,1	96,8,1	80,8,1	96,8,1	80,8,1	176,8,1	176,8,1	104,8,1	96,8,1	112,8,1	112,8,1	96,8,1	80,8,1	96,8,1	112,8,1	96,8,1	48,8,1	112,8,1	112,8,1	112,8,1
头部16	80,8,1	80,8,1	80,8,1	64,8,1	64,8,1	96,8,1	64,8,1	64,8,1	120,8,1	120,8,1	80,8,1	88,8,1	96,8,1	96,8,1	96,8,1	96,8,1	96,8,1	248,8,1	248,8,1	96,8,1	96,8,1	96,8,1	96,8,1	96,8,1	96,8,1	96,8,1	96,8,1	192,8,1	64,8,1	64,8,1	48,8,1	48,8,1	104,8,1	104,8,1	88,8,1	104,8,1	120,8,1	80,8,1	80,8,1	96,8,1	96,8,1	96,8,1	96,8,1	104,8,1	104,8,1	104,8,1	96,8,1	128,8,1	96,8,1	232,8,1	192,8,1	232,8,1	192,8,1	144,8,1	240,8,1	96,8,1	96,8,1	80,8,1	96,8,1	80,8,1	176,8,1	176,8,1	104,8,1	96,8,1	112,8,1	112,8,1	96,8,1	80,8,1	96,8,1	112,8,1	96,8,1	48,8,1	112,8,1	112,8,1	112,8,1
头部17	80,8,1	80,8,1	80,8,1	64,8,1	64,8,1	96,8,1	64,8,1	64,8,1	120,8,1	120,8,1	80,8,1	88,8,1	96,8,1	96,8,1	96,8,1	96,8,1	96,8,1	248,8,1	248,8,1	96,8,1	96,8,1	96,8,1	96,8,1	96,8,1	96,8,1	96,8,1	96,8,1	192,8,1	64,8,1	64,8,1	48,8,1	48,8,1	104,8,1	104,8,1	88,8,1	104,8,1	120,8,1	80,8,1	80,8,1	96,8,1	96,8,1	96,8,1	96,8,1	104,8,1	104,8,1	104,8,1	96,8,1	128,8,1	96,8,1	232,8,1	192,8,1	232,8,1	192,8,1	144,8,1	240,8,1	96,8,1	96,8,1	80,8,1	96,8,1	80,8,1	176,8,1	176,8,1	104,8,1	96,8,1	112,8,1	112,8,1	96,8,1	80,8,1	96,8,1	112,8,1	96,8,1	48,8,1	112,8,1	112,8,1	112,8,1
头部18	80,8,1	80,8,1	80,8,1	64,8,1	64,8,1	96,8,1	64,8,1	64,8,1	120,8,1	120,8,1	80,8,1	88,8,1	96,8,1	96,8,1	96,8,1	96,8,1	96,8,1	248,8,1	248,8,1	96,8,1	96,8,1	96,8,1	96,8,1	96,8,1	96,8,1	96,8,1	96,8,1	192,8,1	64,8,1	64,8,1	48,8,1	48,8,1	104,8,1	104,8,1	88,8,1	104,8,1	120,8,1	80,8,1	80,8,1	96,8,1	96,8,1	96,8,1	96,8,1	104,8,1	104,8,1	104,8,1	96,8,1	128,8,1	96,8,1	232,8,1	192,8,1	232,8,1	192,8,1	144,8,1	240,8,1	96,8,1	96,8,1	80,8,1	96,8,1	80,8,1	176,8,1	176,8,1	104,8,1	96,8,1	112,8,1	112,8,1	96,8,1	80,8,1	96,8,1	112,8,1	96,8,1	48,8,1	112,8,1	112,8,1	112,8,1
头部19	80,8,1	80,8,1	80,8,1	64,8,1	64,8,1	96,8,1	64,8,1	64,8,1	120,8,1	120,8,1	80,8,1	88,8,1	96,8,1	96,8,1	96,8,1	96,8,1	96,8,1	248,8,1	248,8,1	96,8,1	96,8,1	96,8,1	96,8,1	96,8,1	96,8,1	96,8,1	96,8,1	192,8,1	64,8,1	64,8,1	48,8,1	48,8,1	104,8,1	104,8,1	88,8,1	104,8,1	120,8,1	80,8,1	80,8,1	96,8,1	96,8,1	96,8,1	96,8,1	104,8,1	104,8,1	104,8,1	96,8,1	128,8,1	96,8,1	232,8,1	192,8,1	232,8,1	192,8,1	144,8,1	240,8,1	96,8,1	96,8,1	80,8,1	96,8,1	80,8,1	176,8,1	176,8,1	104,8,1	96,8,1	112,8,1	112,8,1	96,8,1	80,8,1	96,8,1	112,8,1	96,8,1	48,8,1	112,8,1	112,8,1	112,8,1
头部20	80,8,1	80,8,1	80,8,1	64,8,1	64,8,1	96,8,1	64,8,1	64,8,1	120,8,1	120,8,1	80,8,1	88,8,1	96,8,1	96,8,1	96,8,1	96,8,1	96,8,1	248,8,1	248,8,1	96,8,1	96,8,1	96,8,1	96,8,1	96,8,1	96,8,1	96,8,1	96,8,1	192,8,1	64,8,1	64,8,1	48,8,1	48,8,1	104,8,1	104,8,1	88,8,1	104,8,1	120,8,1	80,8,1	80,8,1	96,8,1	96,8,1	96,8,1	96,8,1	104,8,1	104,8,1	104,8,1	96,8,1	128,8,1	96,8,1	232,8,1	192,8,1	232,8,1	192,8,1	144,8,1	240,8,1	96,8,1	96,8,1	80,8,1	96,8,1	80,8,1	176,8,1	176,8,1	104,8,1	96,8,1	112,8,1	112,8,1	96,8,1	80,8,1	96,8,1	112,8,1	96,8,1	48,8,1	112,8,1	112,8,1	112,8,1
头部21	80,8,1	80,8,1	80,8,1	64,8,1	64,8,1	96,8,1	64,8,1	64,8,1	120,8,1	120,8,1	80,8,1	88,8,1	96,8,1	96,8,1	96,8,1	96,8,1	96,8,1	248,8,1	248,8,1	96,8,1	96,8,1	96,8,1	96,8,1	96,8,1	96,8,1	96,8,1	96,8,1	192,8,1	64,8,1	64,8,1	48,8,1	48,8,1	104,8,1	104,8,1	88,8,1	104,8,1	120,8,1	80,8,1	80,8,1	96,8,1	96,8,1	96,8,1	96,8,1	104,8,1	104,8,1	104,8,1	96,8,1	128,8,1	96,8,1	232,8,1	192,8,1	232,8,1	192,8,1	144,8,1	240,8,1	96,8,1	96,8,1	80,8,1	96,8,1	80,8,1	176,8,1	176,8,1	104,8,1	96,8,1	112,8,1	112,8,1	96,8,1	80,8,1	96,8,1	112,8,1	96,8,1	48,8,1	112,8,1	112,8,1	112,8,1
头部22	80,8,1	80,8,1	80,8,1	64,8,1	64,8,1	96,8,1	64,8,1	64,8,1	120,8,1	120,8,1	80,8,1	88,8,1	96,8,1	96,8,1	96,8,1	96,8,1	96,8,1	248,8,1	248,8,1	96,8,1	96,8,1	96,8,1	96,8,1	96,8,1	96,8,1	96,8,1	96,8,1	192,8,1	64,8,1	64,8,1	48,8,1	48,8,1	104,8,1	104,8,1	88,8,1	104,8,1	120,8,1	80,8,1	80,8,1	96,8,1	96,8,1	96,8,1	96,8,1	104,8,1	104,8,1	104,8,1	96,8,1	128,8,1	96,8,1	232,8,1	192,8,1	232,8,1	192,8,1	144,8,1	240,8,1	96,8,1	96,8,1	80,8,1	96,8,1	80,8,1	176,8,1	176,8,1	104,8,1	96,8,1	112,8,1	112,8,1	96,8,1	80,8,1	96,8,1	112,8,1	96,8,1	48,8,1	112,8,1	112,8,1	112,8,1
头部23	80,8,1	80,8,1	80,8,1	64,8,1	64,8,1	96,8,1	64,8,1	64,8,1	120,8,1	120,8,1	80,8,1	88,8,1	96,8,1	96,8,1	96,8,1	96,8,1	96,8,1	248,8,1	248,8,1	96,8,1	96,8,1	96,8,1	96,8,1	96,8,1	96,8,1	96,8,1	96,8,1	192,8,1	64,8,1	64,8,1	48,8,1	48,8,1	104,8,1	104,8,1	88,8,1	104,8,1	120,8,1	80,8,1	80,8,1	96,8,1	96,8,1	96,8,1	96,8,1	104,8,1	104,8,1	104,8,1	96,8,1	128,8,1	96,8,1	232,8,1	192,8,1	232,8,1	192,8,1	144,8,1	240,8,1	96,8,1	96,8,1	80,8,1	96,8,1	80,8,1	176,8,1	176,8,1	104,8,1	96,8,1	112,8,1	112,8,1	96,8,1	80,8,1	96,8,1	112,8,1	96,8,1	48,8,1	112,8,1	112,8,1	112,8,1
头部24	80,8,1	80,8,1	80,8,1	64,8,1	64,8,1	96,8,1	64,8,1	64,8,1	120,8,1	120,8,1	80,8,1	88,8,1	96,8,1	96,8,1	96,8,1	96,8,1	96,8,1	248,8,1	248,8,1	96,8,1	96,8,1	96,8,1	96,8,1	96,8,1	96,8,1	96,8,1	96,8,1	192,8,1	64,8,1	64,8,1	48,8,1	48,8,1	104,8,1	104,8,1	88,8,1	104,8,1	120,8,1	80,8,1	80,8,1	96,8,1	96,8,1	96,8,1	96,8,1	104,8,1	104,8,1	104,8,1	96,8,1	128,8,1	96,8,1	232,8,1	192,8,1	232,8,1	192,8,1	144,8,1	240,8,1	96,8,1	96,8,1	80,8,1	96,8,1	80,8,1	176,8,1	176,8,1	104,8,1	96,8,1	112,8,1	112,8,1	96,8,1	80,8,1	96,8,1	112,8,1	96,8,1	48,8,1	112,8,1	112,8,1	112,8,1
头部25	80,8,1	80,8,1	80,8,1	64,8,1	64,8,1	96,8,1	64,8,1	64,8,1	120,8,1	120,8,1	80,8,1	88,8,1	96,8,1	96,8,1	96,8,1	96,8,1	96,8,1	248,8,1	248,8,1	96,8,1	96,8,1	96,8,1	96,8,1	96,8,1	96,8,1	96,8,1	96,8,1	192,8,1	64,8,1	64,8,1	48,8,1	48,8,1	104,8,1	104,8,1	88,8,1	104,8,1	120,8,1	80,8,1	80,8,1	96,8,1	96,8,1	96,8,1	96,8,1	104,8,1	104,8,1	104,8,1	96,8,1	128,8,1	96,8,1	232,8,1	192,8,1	232,8,1	192,8,1	144,8,1	240,8,1	96,8,1	96,8,1	80,8,1	96,8,1	80,8,1	176,8,1	176,8,1	104,8,1	96,8,1	112,8,1	112,8,1	96,8,1	80,8,1	96,8,1	112,8,1	96,8,1	48,8,1	112,8,1	112,8,1	112,8,1
头部26	80,8,1	80,8,1	80,8,1	64,8,1	64,8,1	96,8,1	64,8,1	64,8,1	120,8,1	120,8,1	80,8,1	88,8,1	96,8,1	96,8,1	96,8,1	96,8,1	96,8,1	248,8,1	248,8,1	96,8,1	96,8,1	96,8,1	96,8,1	96,8,1	96,8,1	96,8,1	96,8,1	192,8,1	64,8,1	64,8,1	48,8,1	48,8,1	104,8,1	104,8,1	88,8,1	104,8,1	120,8,1	80,8,1	80,8,1	96,8,1	96,8,1	96,8,1	96,8,1	104,8,1	104,8,1	104,8,1	96,8,1	128,8,1	96,8,1	232,8,1	192,8,1	232,8,1	192,8,1	144,8,1	240,8,1	96,8,1	96,8,1	80,8,1	96,8,1	80,8,1	176,8,1	176,8,1	104,8,1	96,8,1	112,8,1	112,8,1	96,8,1	80,8,1	96,8,1	112,8,1	96,8,1	48,8,1	112,8,1	112,8,1	112,8,1
头部27	80,8,1	80,8,1	80,8,1	64,8,1	64,8,1	96,8,1	64,8,1	64,8,1	120,8,1	120,8,1	80,8,1	88,8,1	96,8,1	96,8,1	96,8,1	96,8,1	96,8,1	248,8,1	248,8,1	96,8,1	96,8,1	96,8,1	96,8,1	96,8,1	96,8,1	96,8,1	96,8,1	192,8,1	64,8,1	64,8,1	48,8,1	48,8,1	104,8,1	104,8,1	88,8,1	104,8,1	120,8,1	80,8,1	80,8,1	96,8,1	96,8,1	96,8,1	96,8,1	104,8,1	104,8,1	104,8,1	96,8,1	128,8,1	96,8,1	232,8,1	192,8,1	232,8,1	192,8,1	144,8,1	240,8,1	96,8,1	96,8,1	80,8,1	96,8,1	80,8,1	176,8,1	176,8,1	104,8,1	96,8,1	112,8,1	112,8,1	96,8,1	80,8,1	96,8,1	112,8,1	96,8,1	48,8,1	112,8,1	112,8,1	112,8,1
头部28	80,8,1	80,8,1	80,8,1	64,8,1	64,8,1	96,8,1	64,8,1	64,8,1	120,8,1	120,8,1	80,8,1	88,8,1	96,8,1	96,8,1	96,8,1	96,8,1	96,8,1	248,8,1	248,8,1	96,8,1	96,8,1	96,8,1	96,8,1	96,8,1	96,8,1	96,8,1	96,8,1	192,8,1	64,8,1	64,8,1	48,8,1	48,8,1	104,8,1	104,8,1	88,8,1	104,8,1	120,8,1	80,8,1	80,8,1	96,8,1	96,8,1	96,8,1	96,8,1	104,8,1	104,8,1	104,8,1	96,8,1	128,8,1	96,8,1	232,8,1	192,8,1	232,8,1	192,8,1	144,8,1	240,8,1	96,8,1	96,8,1	80,8,1	96,8,1	80,8,1	176,8,1	176,8,1	104,8,1	96,8,1	112,8,1	112,8,1	96,8,1	80,8,1	96,8,1	112,8,1	96,8,1	48,8,1	112,8,1	112,8,1	112,8,1
头部29	80,8,1	80,8,1							120,8,1	120,8,1	80,8,1	88,8,1						248,8,1	248,8,1	96,8,1						96,8,1	96,8,1	192,8,1					104,8,1	104,8,1	88,8,1					96,8,1	96,8,1	96,8,1								232,8,1	192,8,1	232,8,1	192,8,1	144,8,1	240,8,1						176,8,1	176,8,1	104,8,1												
头部30	80,8,1	80,8,1	80,8,1	64,8,1	64,8,1	96,8,1	64,8,1	64,8,1	120,8,1	120,8,1	80,8,1	88,8,1	96,8,1	96,8,1	96,8,1	96,8,1	96,8,1	248,8,1	248,8,1	96,8,1	96,8,1	96,8,1	96,8,1	96,8,1	96,8,1	96,8,1	96,8,1	192,8,1	64,8,1	64,8,1	48,8,1	48,8,1	104,8,1	104,8,1	88,8,1	104,8,1	120,8,1	88,8,1	80,8,1	96,8,1	96,8,1	96,8,1	96,8,1	104,8,1	104,8,1	104,8,1	96,8,1	128,8,1	96,8,1	232,8,1	192,8,1	232,8,1	192,8,1	144,8,1	240,8,1	96,8,1	96,8,1	80,8,1	96,8,1	80,8,1	176,8,1	176,8,1	104,8,1	96,8,1	112,8,1	112,8,1	96,8,1	80,8,1	96,8,1	112,8,1	96,8,1	48,8,1	112,8,1	112,8,1	112,8,1
头部31	80,8,1	80,8,1	80,8,1	64,8,1	64,8,1	96,8,1	64,8,1	64,8,1	120,8,1	120,8,1	80,8,1	88,8,1	96,8,1	96,8,1	96,8,1	96,8,1	96,8,1	248,8,1	248,8,1	96,8,1	96,8,1	96,8,1	96,8,1	96,8,1	96,8,1	96,8,1	96,8,1	192,8,1	64,8,1	64,8,1	48,8,1	48,8,1	104,8,1	104,8,1	88,8,1	104,8,1	120,8,1	80,8,1	80,8,1	96,8,1	96,8,1	96,8,1	96,8,1	104,8,1	104,8,1	104,8,1	96,8,1	128,8,1	96,8,1	232,8,1	192,8,1	232,8,1	192,8,1	144,8,1	240,8,1	96,8,1	96,8,1	80,8,1	96,8,1	80,8,1	176,8,1	176,8,1	104,8,1	96,8,1	112,8,1	112,8,1	96,8,1	80,8,1	96,8,1	112,8,1	96,8,1	48,8,1	112,8,1	112,8,1	112,8,1
头部32	80,8,1	80,8,1	80,8,1	64,8,1	64,8,1	96,8,1	64,8,1	64,8,1	120,8,1	120,8,1	80,8,1	88,8,1	96,8,1	96,8,1	96,8,1	96,8,1	96,8,1	248,8,1	248,8,1	96,8,1	96,8,1	96,8,1	96,8,1	96,8,1	96,8,1	96,8,1	96,8,1	192,8,1	64,8,1	64,8,1	48,8,1	48,8,1	104,8,1	104,8,1	88,8,1	104,8,1	120,8,1	80,8,1	80,8,1	96,8,1	96,8,1	96,8,1	96,8,1	104,8,1	104,8,1	104,8,1	96,8,1	128,8,1	96,8,1	232,8,1	192,8,1	232,8,1	192,8,1	144,8,1	240,8,1	96,8,1	96,8,1	80,8,1	96,8,1	80,8,1	176,8,1	176,8,1	104,8,1	96,8,1	112,8,1	112,8,1	96,8,1	80,8,1	96,8,1	112,8,1	96,8,1	48,8,1	112,8,1	112,8,1	112,8,1
头部33	80,8,1	80,8,1	80,8,1	64,8,1	64,8,1	96,8,1	64,8,1	64,8,1	120,8,1	120,8,1	80,8,1	88,8,1	96,8,1	96,8,1	96,8,1	96,8,1	96,8,1	248,8,1	248,8,1	96,8,1	96,8,1	96,8,1	96,8,1	96,8,1	96,8,1	96,8,1	96,8,1	192,8,1	64,8,1	64,8,1	48,8,1	48,8,1	104,8,1	104,8,1	88,8,1	104,8,1	120,8,1	80,8,1	80,8,1	96,8,1	96,8,1	96,8,1	96,8,1	104,8,1	104,8,1	104,8,1	96,8,1	128,8,1	96,8,1	232,8,1	192,8,1	232,8,1	192,8,1	144,8,1	240,8,1	96,8,1	96,8,1	80,8,1	96,8,1	80,8,1	176,8,1	176,8,1	104,8,1	96,8,1	112,8,1	112,8,1	96,8,1	80,8,1	96,8,1	112,8,1	96,8,1	48,8,1	112,8,1	112,8,1	112,8,1
头部34	80,8,1	80,8,1	80,8,1	64,8,1	64,8,1	96,8,1	64,8,1	64,8,1	120,8,1	120,8,1	80,8,1	88,8,1	96,8,1	96,8,1	96,8,1	96,8,1	96,8,1	248,8,1	248,8,1	96,8,1	96,8,1	96,8,1	96,8,1	96,8,1	96,8,1	96,8,1	96,8,1	192,8,1	64,8,1	64,8,1	48,8,1	48,8,1	104,8,1	104,8,1	88,8,1	104,8,1	120,8,1	80,8,1	80,8,1	96,8,1	96,8,1	96,8,1	96,8,1	104,8,1	104,8,1	104,8,1	96,8,1	128,8,1	96,8,1	232,8,1	192,8,1	232,8,1	192,8,1	144,8,1	240,8,1	96,8,1	96,8,1	80,8,1	96,8,1	80,8,1	176,8,1	176,8,1	104,8,1	96,8,1	112,8,1	112,8,1	96,8,1	80,8,1	96,8,1	112,8,1	96,8,1	48,8,1	112,8,1	112,8,1	112,8,1
头部35	80,8,1	80,8,1	80,8,1	64,8,1	64,8,1	96,8,1	64,8,1	64,8,1	120,8,1	120,8,1	80,8,1	88,8,1	96,8,1	96,8,1	96,8,1	96,8,1	96,8,1	248,8,1	248,8,1	96,8,1	96,8,1	96,8,1	96,8,1	96,8,1	96,8,1	96,8,1	96,8,1	192,8,1	64,8,1	64,8,1	48,8,1	48,8,1	104,8,1	104,8,1	88,8,1	104,8,1	120,8,1	80,8,1	80,8,1	96,8,1	96,8,1	96,8,1	96,8,1	104,8,1	104,8,1	104,8,1	96,8,1	128,8,1	96,8,1	232,8,1	192,8,1	232,8,1	192,8,1	144,8,1	240,8,1	96,8,1	96,8,1	80,8,1	96,8,1	80,8,1	176,8,1	176,8,1	104,8,1	96,8,1	112,8,1	112,8,1	104,8,1	80,8,1	96,8,1	112,8,1	96,8,1	48,8,1	112,8,1	112,8,1	112,8,1
头部36	80,8,1	80,8,1	80,8,1	64,8,1	64,8,1	96,8,1	64,8,1	64,8,1	120,8,1	120,8,1	80,8,1	88,8,1	96,8,1	96,8,1	96,8,1	96,8,1	96,8,1	248,8,1	248,8,1	96,8,1	96,8,1	96,8,1	96,8,1	96,8,1	96,8,1	96,8,1	96,8,1	192,8,1	64,8,1	64,8,1	48,8,1	48,8,1	104,8,1	104,8,1	88,8,1	104,8,1	120,8,1	80,8,1	80,8,1	96,8,1	96,8,1	96,8,1	96,8,1	104,8,1	104,8,1	104,8,1	96,8,1	128,8,1	96,8,1	232,8,1	192,8,1	232,8,1	192,8,1	144,8,1	240,8,1	96,8,1	96,8,1	80,8,1	96,8,1	80,8,1	176,8,1	176,8,1	104,8,1	96,8,1	112,8,1	112,8,1	96,8,1	80,8,1	96,8,1	112,8,1	96,8,1	48,8,1	112,8,1	112,8,1	112,8,1
头部37	80,8,1	80,8,1	80,8,1	64,8,1	64,8,1	96,8,1	64,8,1	64,8,1	120,8,1	120,8,1	80,8,1	88,8,1	96,8,1	96,8,1	96,8,1	96,8,1	96,8,1	248,8,1	248,8,1	96,8,1	96,8,1	96,8,1	96,8,1	96,8,1	96,8,1	96,8,1	96,8,1	192,8,1	64,8,1	64,8,1	48,8,1	48,8,1	104,8,1	104,8,1	88,8,1	104,8,1	120,8,1	80,8,1	80,8,1	96,8,1	96,8,1	96,8,1	96,8,1	104,8,1	104,8,1	104,8,1	96,8,1	128,8,1	96,8,1	232,8,1	192,8,1	232,8,1	192,8,1	144,8,1	240,8,1	96,8,1	96,8,1	80,8,1	96,8,1	80,8,1	176,8,1	176,8,1	104,8,1	96,8,1	112,8,1	112,8,1	96,8,1	80,8,1	96,8,1	112,8,1	96,8,1	48,8,1	120,8,1	112,8,1	112,8,1
头部38	80,8,1	80,8,1	80,8,1	64,8,1	64,8,1	96,8,1	64,8,1	64,8,1	120,8,1	120,8,1	80,8,1	88,8,1	96,8,1	96,8,1	96,8,1	96,8,1	96,8,1	248,8,1	248,8,1	96,8,1	96,8,1	96,8,1	96,8,1	96,8,1	96,8,1	96,8,1	96,8,1	192,8,1	64,8,1	64,8,1	48,8,1	48,8,1	104,8,1	104,8,1	88,8,1	104,8,1	120,8,1	80,8,1	80,8,1	96,8,1	96,8,1	96,8,1	96,8,1	104,8,1	104,8,1	104,8,1	96,8,1	128,8,1	96,8,1	232,8,1	192,8,1	232,8,1	192,8,1	144,8,1	240,8,1	96,8,1	96,8,1	80,8,1	96,8,1	80,8,1	176,8,1	176,8,1	104,8,1	96,8,1	112,8,1	112,8,1	96,8,1	80,8,1	96,8,1	112,8,1	96,8,1	48,8,1	112,8,1	112,8,1	112,8,1
头部39	80,8,1	80,8,1	80,8,1	64,8,1	64,8,1	96,8,1	64,8,1	64,8,1	120,8,1	120,8,1	80,8,1	88,8,1	96,8,1	96,8,1	96,8,1	96,8,1	96,8,1	248,8,1	248,8,1	96,8,1	96,8,1	96,8,1	96,8,1	96,8,1	96,8,1	96,8,1	96,8,1	192,8,1	64,8,1	64,8,1	48,8,1	48,8,1	104,8,1	104,8,1	88,8,1	112,8,1	120,8,1	80,8,1	80,8,1	96,8,1	96,8,1	96,8,1	96,8,1	104,8,1	104,8,1	104,8,1	96,8,1	128,8,1	96,8,1	232,8,1	192,8,1	232,8,1	192,8,1	144,8,1	240,8,1	96,8,1	96,8,1	80,8,1	96,8,1	80,8,1	176,8,1	176,8,1	104,8,1	96,8,1	112,8,1	112,8,1	96,8,1	80,8,1	96,8,1	112,8,1	96,8,1	48,8,1	112,8,1	112,8,1	112,8,1
头部40	80,8,1	80,8,1	80,8,1	64,8,1	64,8,1	96,8,1	64,8,1	64,8,1	120,8,1	120,8,1	80,8,1	88,8,1	96,8,1	96,8,1	96,8,1	96,8,1	96,8,1	248,8,1	248,8,1	96,8,1	96,8,1	96,8,1	96,8,1	96,8,1	96,8,1	96,8,1	96,8,1	192,8,1	64,8,1	64,8,1	48,8,1	48,8,1	104,8,1	104,8,1	88,8,1	104,8,1	120,8,1	80,8,1	80,8,1	96,8,1	96,8,1	96,8,1	96,8,1	104,8,1	104,8,1	104,8,1	96,8,1	128,8,1	96,8,1	232,8,1	192,8,1	232,8,1	192,8,1	144,8,1	240,8,1	96,8,1	96,8,1	80,8,1	96,8,1	80,8,1	176,8,1	176,8,1	104,8,1	96,8,1	112,8,1	112,8,1	96,8,1	80,8,1	96,8,1	112,8,1	96,8,1	48,8,1	112,8,1	112,8,1	112,8,1
头部41	80,8,1	80,8,1	80,8,1	64,8,1	64,8,1	96,8,1	64,8,1	64,8,1	120,8,1	120,8,1	80,8,1	88,8,1	96,8,1	96,8,1	96,8,1	96,8,1	96,8,1	248,8,1	248,8,1	96,8,1	96,8,1	96,8,1	96,8,1	96,8,1	96,8,1	96,8,1	96,8,1	192,8,1	64,8,1	64,8,1	48,8,1	48,8,1	104,8,1	104,8,1	88,8,1	104,8,1	120,8,1	80,8,1	80,8,1	96,8,1	96,8,1	96,8,1	96,8,1	112,8,1	104,8,1	104,8,1	96,8,1	128,8,1	96,8,1	232,8,1	192,8,1	232,8,1	192,8,1	144,8,1	240,8,1	96,8,1	96,8,1	80,8,1	96,8,1	80,8,1	176,8,1	176,8,1	104,8,1	96,8,1	112,8,1	112,8,1	96,8,1	80,8,1	96,8,1	112,8,1	96,8,1	48,8,1	112,8,1	112,8,1	112,8,1
头部42	80,8,1	80,8,1	80,8,1	64,8,1	64,8,1	96,8,1	64,8,1	64,8,1	120,8,1	120,8,1	80,8,1	88,8,1	96,8,1	96,8,1	96,8,1	96,8,1	96,8,1	248,8,1	248,8,1	96,8,1	96,8,1	96,8,1	96,8,1	96,8,1	96,8,1	96,8,1	96,8,1	192,8,1	64,8,1	64,8,1	48,8,1	48,8,1	104,8,1	104,8,1	88,8,1	104,8,1	120,8,1	80,8,1	80,8,1	96,8,1	96,8,1	96,8,1	96,8,1	104,8,1	104,8,1	104,8,1	96,8,1	128,8,1	96,8,1	232,8,1	192,8,1	232,8,1	192,8,1	144,8,1	240,8,1	96,8,1	96,8,1	80,8,1	96,8,1	80,8,1	176,8,1	176,8,1	104,8,1	96,8,1	112,8,1	112,8,1	96,8,1	80,8,1	96,8,1	112,8,1	96,8,1	48,8,1	112,8,1	112,8,1	112,8,1
头部43	80,8,1	80,8,1	80,8,1	64,8,1	64,8,1	96,8,1	64,8,1	64,8,1	120,8,1	120,8,1	80,8,1	88,8,1	96,8,1	96,8,1	96,8,1	96,8,1	96,8,1	248,8,1	248,8,1	96,8,1	96,8,1	96,8,1	96,8,1	96,8,1	96,8,1	96,8,1	96,8,1	192,8,1	64,8,1	64,8,1	56,8,1	48,8,1	104,8,1	104,8,1	88,8,1	104,8,1	120,8,1	80,8,1	80,8,1	96,8,1	96,8,1	96,8,1	96,8,1	104,8,1	104,8,1	104,8,1	96,8,1	128,8,1	96,8,1	232,8,1	192,8,1	232,8,1	192,8,1	144,8,1	240,8,1	96,8,1	96,8,1	80,8,1	96,8,1	80,8,1	176,8,1	176,8,1	104,8,1	96,8,1	112,8,1	112,8,1	96,8,1	80,8,1	96,8,1	112,8,1	12,1,1	48,8,1	112,8,1	112,8,1	112,8,1
头部44	80,8,1	80,8,1	80,8,1	64,8,1	64,8,1	96,8,1	64,8,1	64,8,1	120,8,1	120,8,1	80,8,1	88,8,1	96,8,1	96,8,1	96,8,1	96,8,1	96,8,1	248,8,1	248,8,1	96,8,1	96,8,1	96,8,1	96,8,1	96,8,1	96,8,1	96,8,1	96,8,1	192,8,1	64,8,1	64,8,1	48,8,1	48,8,1	104,8,1	104,8,1	88,8,1	104,8,1	120,8,1	80,8,1	80,8,1	96,8,1	96,8,1	96,8,1	96,8,1	104,8,1	104,8,1	104,8,1	96,8,1	128,8,1	96,8,1	232,8,1	192,8,1	232,8,1	192,8,1	144,8,1	240,8,1	96,8,1	96,8,1	80,8,1	96,8,1	80,8,1	176,8,1	176,8,1	104,8,1	96,8,1	112,8,1	112,8,1	96,8,1	80,8,1	96,8,1	112,8,1	96,8,1	48,8,1	112,8,1	112,8,1	112,8,1
头部45	80,8,1	80,8,1							120,8,1	120,8,1	80,8,1	88,8,1						248,8,1	248,8,1	96,8,1						96,8,1	96,8,1	192,8,1					104,8,1	104,8,1	88,8,1					96,8,1	96,8,1	96,8,1								232,8,1	192,8,1	232,8,1	192,8,1	144,8,1	240,8,1						176,8,1	176,8,1	104,8,1												
头部46	80,8,1	80,8,1	80,8,1	64,8,1	64,8,1	96,8,1	64,8,1	64,8,1	120,8,1	120,8,1	80,8,1	88,8,1	96,8,1	96,8,1	96,8,1	96,8,1	96,8,1	248,8,1	248,8,1	96,8,1	96,8,1	96,8,1	96,8,1	96,8,1	96,8,1	96,8,1	96,8,1	192,8,1	64,8,1	64,8,1	48,8,1	48,8,1	104,8,1	104,8,1	88,8,1	104,8,1	120,8,1	80,8,1	80,8,1	96,8,1	96,8,1	96,8,1	96,8,1	104,8,1	104,8,1	104,8,1	96,8,1	128,8,1	96,8,1	232,8,1	192,8,1	232,8,1	192,8,1	144,8,1	240,8,1	96,8,1	96,8,1	80,8,1	96,8,1	80,8,1	176,8,1	176,8,1	104,8,1	96,8,1	112,8,1	112,8,1	96,8,1	80,8,1	96,8,1	112,8,1	96,8,1	48,8,1	112,8,1	112,8,1	112,8,1
头部47	80,8,1	80,8,1	80,8,1	64,8,1	64,8,1	96,8,1	64,8,1	64,8,1	120,8,1	120,8,1	80,8,1	88,8,1	96,8,1	96,8,1	96,8,1	96,8,1	96,8,1	248,8,1	248,8,1	96,8,1	96,8,1	96,8,1	96,8,1	96,8,1	96,8,1	96,8,1	96,8,1	192,8,1	64,8,1	64,8,1	48,8,1	48,8,1	104,8,1	104,8,1	88,8,1	104,8,1	120,8,1	80,8,1	80,8,1	96,8,1	96,8,1	96,8,1	96,8,1	104,8,1	104,8,1	104,8,1	96,8,1	128,8,1	96,8,1	232,8,1	192,8,1	232,8,1	192,8,1	144,8,1	240,8,1	96,8,1	96,8,1	80,8,1	96,8,1	80,8,1	176,8,1	176,8,1	104,8,1	96,8,1	112,8,1	112,8,1	96,8,1	80,8,1	96,8,1	112,8,1	96,8,1	48,8,1	112,8,1	112,8,1	112,8,1
头部48	80,8,1	80,8,1	80,8,1	64,8,1	64,8,1	96,8,1	64,8,1	64,8,1	120,8,1	120,8,1	80,8,1	88,8,1	96,8,1	96,8,1	96,8,1	96,8,1	96,8,1	248,8,1	248,8,1	96,8,1	96,8,1	96,8,1	96,8,1	96,8,1	96,8,1	96,8,1	96,8,1	192,8,1	64,8,1	64,8,1	48,8,1	48,8,1	104,8,1	104,8,1	88,8,1	104,8,1	128,8,1	80,8,1	80,8,1	96,8,1	96,8,1	96,8,1	96,8,1	104,8,1	104,8,1	104,8,1	96,8,1	128,8,1	96,8,1	232,8,1	192,8,1	232,8,1	192,8,1	144,8,1	240,8,1	96,8,1	96,8,1	80,8,1	96,8,1	80,8,1	176,8,1	176,8,1	104,8,1	96,8,1	112,8,1	112,8,1	96,8,1	80,8,1	96,8,1	112,8,1	96,8,1	48,8,1	112,8,1	112,8,1	112,8,1
头部49	80,8,1	80,8,1	80,8,1	64,8,1	64,8,1	96,8,1	64,8,1	64,8,1	120,8,1	120,8,1	80,8,1	88,8,1	96,8,1	96,8,1	96,8,1	96,8,1	96,8,1	248,8,1	248,8,1	96,8,1	96,8,1	96,8,1	96,8,1	96,8,1	96,8,1	96,8,1	96,8,1	192,8,1	64,8,1	64,8,1	48,8,1	48,8,1	104,8,1	104,8,1	88,8,1	104,8,1	120,8,1	80,8,1	80,8,1	96,8,1	96,8,1	96,8,1	96,8,1	104,8,1	104,8,1	104,8,1	96,8,1	128,8,1	96,8,1	232,8,1	192,8,1	232,8,1	192,8,1	144,8,1	240,8,1	96,8,1	96,8,1	80,8,1	96,8,1	80,8,1	176,8,1	176,8,1	104,8,1	96,8,1	112,8,1	112,8,1	96,8,1	80,8,1	96,8,1	112,8,1	96,8,1	56,8,1	120,8,1	112,8,1	112,8,1
头部50	80,8,1	80,8,1	80,8,1	64,8,1	64,8,1	96,8,1	64,8,1	64,8,1	120,8,1	120,8,1	80,8,1	88,8,1	96,8,1	96,8,1	96,8,1	96,8,1	96,8,1	248,8,1	248,8,1	96,8,1	96,8,1	96,8,1	96,8,1	96,8,1	96,8,1	96,8,1	96,8,1	192,8,1	64,8,1	64,8,1	48,8,1	48,8,1	104,8,1	104,8,1	88,8,1	104,8,1	120,8,1	80,8,1	80,8,1	96,8,1	96,8,1	96,8,1	96,8,1	104,8,1	104,8,1	104,8,1	96,8,1	128,8,1	96,8,1	232,8,1	192,8,1	232,8,1	192,8,1	144,8,1	240,8,1	96,8,1	96,8,1	80,8,1	96,8,1	80,8,1	176,8,1	176,8,1	104,8,1	96,8,1	112,8,1	112,8,1	96,8,1	80,8,1	96,8,1	112,8,1	96,8,1	48,8,1	112,8,1	112,8,1	112,8,1
头部51	80,8,1	80,8,1	80,8,1	64,8,1	64,8,1	96,8,1	64,8,1	64,8,1	120,8,1	120,8,1	80,8,1	88,8,1	96,8,1	96,8,1	96,8,1	96,8,1	96,8,1	248,8,1	248,8,1	96,8,1	96,8,1	96,8,1	96,8,1	96,8,1	96,8,1	96,8,1	96,8,1	192,8,1	64,8,1	64,8,1	48,8,1	48,8,1	104,8,1	104,8,1	88,8,1	104,8,1	120,8,1	80,8,1	80,8,1	96,8,1	96,8,1	96,8,1	96,8,1	104,8,1	104,8,1	104,8,1	96,8,1	128,8,1	96,8,1	232,8,1	192,8,1	232,8,1	192,8,1	144,8,1	240,8,1	96,8,1	96,8,1	80,8,1	96,8,1	80,8,1	176,8,1	176,8,1	104,8,1	96,8,1	112,8,1	112,8,1	96,8,1	80,8,1	96,8,1	112,8,1	96,8,1	48,8,1	112,8,1	112,8,1	112,8,1
头部52	80,8,1	80,8,1	80,8,1	64,8,1	64,8,1	96,8,1	64,8,1	64,8,1	120,8,1	120,8,1	80,8,1	88,8,1	96,8,1	96,8,1	96,8,1	96,8,1	96,8,1	248,8,1	248,8,1	96,8,1	96,8,1	96,8,1	96,8,1	96,8,1	96,8,1	96,8,1	96,8,1	192,8,1	72,8,1	64,8,1	48,8,1	48,8,1	104,8,1	104,8,1	88,8,1	104,8,1	120,8,1	80,8,1	80,8,1	96,8,1	96,8,1	96,8,1	96,8,1	104,8,1	104,8,1	104,8,1	96,8,1	128,8,1	96,8,1	232,8,1	192,8,1	232,8,1	192,8,1	144,8,1	240,8,1	96,8,1	96,8,1	80,8,1	96,8,1	80,8,1	176,8,1	176,8,1	104,8,1	96,8,1	112,8,1	112,8,1	96,8,1	80,8,1	96,8,1	112,8,1	96,8,1	48,8,1	112,8,1	112,8,1	112,8,1
头部53	80,8,1	80,8,1	80,8,1	64,8,1	64,8,1	96,8,1	64,8,1	64,8,1	120,8,1	120,8,1	80,8,1	88,8,1	96,8,1	96,8,1	96,8,1	96,8,1	96,8,1	248,8,1	248,8,1	96,8,1	96,8,1	96,8,1	96,8,1	96,8,1	96,8,1	96,8,1	96,8,1	192,8,1	64,8,1	64,8,1	48,8,1	48,8,1	104,8,1	104,8,1	88,8,1	104,8,1	120,8,1	80,8,1	80,8,1	96,8,1	96,8,1	96,8,1	96,8,1	104,8,1	104,8,1	104,8,1	96,8,1	128,8,1	96,8,1	232,8,1	192,8,1	232,8,1	192,8,1	144,8,1	240,8,1	96,8,1	96,8,1	80,8,1	96,8,1	80,8,1	176,8,1	176,8,1	104,8,1	96,8,1	112,8,1	112,8,1	96,8,1	80,8,1	96,8,1	112,8,1	96,8,1	48,8,1	120,8,1	112,8,1	112,8,1
头部54	80,8,1	80,8,1	80,8,1	64,8,1	64,8,1	104,8,1	64,8,1	64,8,1	120,8,1	120,8,1	80,8,1	88,8,1	96,8,1	96,8,1	104,8,1	96,8,1	104,8,1	248,8,1	248,8,1	96,8,1	96,8,1	96,8,1	96,8,1	96,8,1	96,8,1	96,8,1	96,8,1	192,8,1	64,8,1	64,8,1	48,8,1	48,8,1	104,8,1	104,8,1	88,8,1	104,8,1	128,8,1	80,8,1	80,8,1	96,8,1	96,8,1	96,8,1	96,8,1	104,8,1	104,8,1	104,8,1	96,8,1	128,8,1	96,8,1	232,8,1	192,8,1	232,8,1	192,8,1	144,8,1	240,8,1	96,8,1	96,8,1	80,8,1	96,8,1	80,8,1	176,8,1	176,8,1	104,8,1	96,8,1	112,8,1	112,8,1	96,8,1	80,8,1	96,8,1	112,8,1	104,8,1	48,8,1	120,8,1	112,8,1	112,8,1
头部55	80,8,1	80,8,1	80,8,1	64,8,1	64,8,1	96,8,1	64,8,1	64,8,1	120,8,1	120,8,1	80,8,1	88,8,1	96,8,1	96,8,1	96,8,1	96,8,1	96,8,1	248,8,1	248,8,1	96,8,1	96,8,1	96,8,1	96,8,1	96,8,1	96,8,1	96,8,1	96,8,1	192,8,1	64,8,1	64,8,1	48,8,1	48,8,1	104,8,1	104,8,1	88,8,1	104,8,1	120,8,1	80,8,1	80,8,1	96,8,1	96,8,1	96,8,1	96,8,1	104,8,1	104,8,1	104,8,1	96,8,1	128,8,1	96,8,1	232,8,1	192,8,1	232,8,1	192,8,1	144,8,1	240,8,1	96,8,1	96,8,1	80,8,1	96,8,1	80,8,1	176,8,1	176,8,1	104,8,1	96,8,1	112,8,1	112,8,1	96,8,1	80,8,1	96,8,1	112,8,1	96,8,1	48,8,1	112,8,1	112,8,1	112,8,1
头部56	80,8,1	80,8,1							120,8,1	120,8,1	80,8,1	88,8,1						248,8,1	248,8,1	96,8,1						96,8,1	96,8,1	192,8,1					104,8,1	104,8,1	88,8,1					96,8,1	96,8,1	96,8,1								232,8,1	192,8,1	232,8,1	192,8,1	144,8,1	240,8,1						176,8,1	176,8,1	104,8,1												
头部57	80,8,1	80,8,1							120,8,1	120,8,1	80,8,1	88,8,1						248,8,1	248,8,1	96,8,1						96,8,1	96,8,1	192,8,1					104,8,1	104,8,1	88,8,1					96,8,1	96,8,1	96,8,1								232,8,1	192,8,1	232,8,1	192,8,1	144,8,1	240,8,1						176,8,1	176,8,1	104,8,1												
头部58	80,8,1	80,8,1							120,8,1	120,8,1	80,8,1	88,8,1						248,8,1	248,8,1	96,8,1						96,8,1	96,8,1	192,8,1					104,8,1	104,8,1	88,8,1					96,8,1	96,8,1	96,8,1								232,8,1	192,8,1	232,8,1	192,8,1	144,8,1	240,8,1						176,8,1	176,8,1	104,8,1												
头部59	80,8,1	80,8,1							120,8,1	120,8,1	80,8,1	88,8,1						248,8,1	248,8,1	96,8,1						96,8,1	96,8,1	192,8,1					104,8,1	104,8,1	88,8,1					96,8,1	96,8,1	96,8,1								232,8,1	192,8,1	232,8,1	192,8,1	144,8,1	240,8,1						176,8,1	176,8,1	104,8,1												
头部60	80,8,1	80,8,1							120,8,1	120,8,1	80,8,1	88,8,1						248,8,1	248,8,1	96,8,1						96,8,1	96,8,1	192,8,1					104,8,1	104,8,1	88,8,1					96,8,1	96,8,1	96,8,1								232,8,1	192,8,1	232,8,1	192,8,1	144,8,1	240,8,1						176,8,1	176,8,1	104,8,1												
头部61	80,8,1	80,8,1							120,8,1	120,8,1	80,8,1	88,8,1						248,8,1	248,8,1	96,8,1						96,8,1	96,8,1	192,8,1					104,8,1	104,8,1	88,8,1					96,8,1	96,8,1	96,8,1								232,8,1	192,8,1	232,8,1	192,8,1	144,8,1	240,8,1						176,8,1	176,8,1	104,8,1												
头部62	80,8,1	80,8,1							120,8,1	120,8,1	80,8,1	88,8,1						248,8,1	248,8,1	96,8,1						96,8,1	96,8,1	192,8,1					104,8,1	104,8,1	88,8,1					96,8,1	96,8,1	96,8,1								232,8,1	192,8,1	232,8,1	192,8,1	144,8,1	240,8,1						176,8,1	176,8,1	104,8,1												
头部63	80,8,1	80,8,1							120,8,1	120,8,1	80,8,1	88,8,1						248,8,1	248,8,1	96,8,1						96,8,1	96,8,1	192,8,1					104,8,1	104,8,1	88,8,1					96,8,1	96,8,1	96,8,1								232,8,1	192,8,1	232,8,1	192,8,1	144,8,1	240,8,1						176,8,1	176,8,1	104,8,1												
头部64	80,8,1	80,8,1							120,8,1	120,8,1	80,8,1	88,8,1						248,8,1	248,8,1	96,8,1						96,8,1	96,8,1	192,8,1					104,8,1	104,8,1	88,8,1					96,8,1	96,8,1	96,8,1								232,8,1	192,8,1	232,8,1	192,8,1	144,8,1	240,8,1						176,8,1	176,8,1	104,8,1												
头部65	80,8,1	80,8,1							120,8,1	120,8,1	80,8,1	88,8,1						248,8,1	248,8,1	96,8,1						96,8,1	96,8,1	192,8,1					104,8,1	104,8,1	88,8,1					96,8,1	96,8,1	96,8,1								232,8,1	192,8,1	232,8,1	192,8,1	144,8,1	240,8,1						176,8,1	176,8,1	104,8,1												
头部66	80,8,1	80,8,1							120,8,1	120,8,1	80,8,1	88,8,1						248,8,1	248,8,1	96,8,1						96,8,1	96,8,1	192,8,1					104,8,1	104,8,1	88,8,1					96,8,1	96,8,1	96,8,1								232,8,1	192,8,1	232,8,1	192,8,1	144,8,1	240,8,1						176,8,1	176,8,1	104,8,1												
头部67	80,8,1	80,8,1							120,8,1	120,8,1	80,8,1	88,8,1						248,8,1	248,8,1	96,8,1						96,8,1	96,8,1	192,8,1					104,8,1	104,8,1	88,8,1					96,8,1	96,8,1	96,8,1								232,8,1	192,8,1	232,8,1	192,8,1	144,8,1	240,8,1						176,8,1	176,8,1	104,8,1												
头部68	80,8,1	80,8,1							120,8,1	120,8,1	80,8,1	88,8,1						248,8,1	248,8,1	96,8,1						96,8,1	96,8,1	192,8,1					104,8,1	104,8,1	88,8,1					96,8,1	96,8,1	96,8,1								232,8,1	192,8,1	232,8,1	192,8,1	144,8,1	240,8,1						176,8,1	176,8,1	104,8,1												
头部69	80,8,1	80,8,1							120,8,1	120,8,1	80,8,1	88,8,1						248,8,1	248,8,1	96,8,1						96,8,1	96,8,1	192,8,1					104,8,1	104,8,1	88,8,1					96,8,1	96,8,1	96,8,1								232,8,1	192,8,1	232,8,1	192,8,1	144,8,1	240,8,1						176,8,1	176,8,1	104,8,1												
头部70	80,8,1	80,8,1							120,8,1	120,8,1	80,8,1	88,8,1						248,8,1	248,8,1	96,8,1						96,8,1	96,8,1	192,8,1					104,8,1	104,8,1	88,8,1					96,8,1	96,8,1	96,8,1								232,8,1	192,8,1	232,8,1	192,8,1	144,8,1	240,8,1						176,8,1	176,8,1	104,8,1												
头部71	80,8,1	80,8,1							120,8,1	120,8,1	80,8,1	88,8,1						248,8,1	248,8,1	96,8,1						96,8,1	96,8,1	192,8,1					104,8,1	104,8,1	88,8,1					96,8,1	96,8,1	96,8,1								232,8,1	192,8,1	232,8,1	192,8,1	144,8,1	240,8,1						176,8,1	176,8,1	104,8,1												
头部72	80,8,1	80,8,1							120,8,1	120,8,1	80,8,1	88,8,1						248,8,1	248,8,1	96,8,1						96,8,1	96,8,1	192,8,1					104,8,1	104,8,1	88,8,1					96,8,1	96,8,1	96,8,1								232,8,1	192,8,1	232,8,1	192,8,1	144,8,1	240,8,1						176,8,1	176,8,1	104,8,1												
头部73	80,8,1	80,8,1							120,8,1	120,8,1	80,8,1	88,8,1						248,8,1	248,8,1	96,8,1						96,8,1	96,8,1	192,8,1					104,8,1	104,8,1	88,8,1					96,8,1	96,8,1	96,8,1								232,8,1	192,8,1	232,8,1	192,8,1	144,8,1	240,8,1						176,8,1	176,8,1	104,8,1												
头部74	80,8,1	80,8,1							120,8,1	120,8,1	80,8,1	88,8,1						248,8,1	248,8,1	96,8,1						96,8,1	96,8,1	192,8,1					104,8,1	104,8,1	88,8,1					96,8,1	96,8,1	96,8,1								232,8,1	192,8,1	232,8,1	192,8,1	144,8,1	240,8,1						176,8,1	176,8,1	104,8,1												
头部75	80,8,1	80,8,1							120,8,1	120,8,1	80,8,1	88,8,1						248,8,1	248,8,1	96,8,1						96,8,1	96,8,1	192,8,1					104,8,1	104,8,1	88,8,1					96,8,1	96,8,1	96,8,1								232,8,1	192,8,1	232,8,1	192,8,1	144,8,1	240,8,1						176,8,1	176,8,1	104,8,1												
头部76	80,8,1	80,8,1							120,8,1	120,8,1	80,8,1	88,8,1						248,8,1	248,8,1	96,8,1						96,8,1	96,8,1	192,8,1					104,8,1	104,8,1	88,8,1					96,8,1	96,8,1	96,8,1								232,8,1	192,8,1	232,8,1	192,8,1	144,8,1	240,8,1						176,8,1	176,8,1	104,8,1												
头部77	80,8,1	80,8,1							120,8,1	120,8,1	80,8,1	88,8,1						248,8,1	248,8,1	96,8,1						96,8,1	96,8,1	192,8,1					104,8,1	104,8,1	88,8,1					96,8,1	96,8,1	96,8,1								232,8,1	192,8,1	232,8,1	192,8,1	144,8,1	240,8,1						176,8,1	176,8,1	104,8,1												
头部78	80,8,1	80,8,1							120,8,1	120,8,1	80,8,1	88,8,1						248,8,1	248,8,1	96,8,1						96,8,1	96,8,1	192,8,1					104,8,1	104,8,1	88,8,1					96,8,1	96,8,1	96,8,1								232,8,1	192,8,1	232,8,1	192,8,1	144,8,1	240,8,1						176,8,1	176,8,1	104,8,1												
头部79	80,8,1	80,8,1							120,8,1	120,8,1	80,8,1	88,8,1						248,8,1	248,8,1	96,8,1						96,8,1	96,8,1	192,8,1					104,8,1	104,8,1	88,8,1					96,8,1	96,8,1	96,8,1								232,8,1	192,8,1	232,8,1	192,8,1	144,8,1	240,8,1						176,8,1	176,8,1	104,8,1												
头部80	80,8,1	80,8,1							120,8,1	120,8,1	80,8,1	88,8,1						248,8,1	248,8,1	96,8,1						96,8,1	96,8,1	192,8,1					104,8,1	104,8,1	88,8,1					96,8,1	96,8,1	96,8,1								232,8,1	192,8,1	232,8,1	192,8,1	144,8,1	240,8,1						176,8,1	176,8,1	104,8,1												
头部81	80,8,1	80,8,1							120,8,1	120,8,1	80,8,1	88,8,1						248,8,1	248,8,1	96,8,1						96,8,1	96,8,1	192,8,1					104,8,1	104,8,1	88,8,1					96,8,1	96,8,1	96,8,1								232,8,1	192,8,1	232,8,1	192,8,1	144,8,1	240,8,1						176,8,1	176,8,1	104,8,1												
月阙之重劫僧帽	80,8,1	80,8,1							120,8,1	120,8,1	80,8,1	88,8,1						248,8,1	248,8,1	96,8,1						96,8,1	96,8,1	192,8,1					104,8,1	104,8,1	88,8,1					96,8,1	96,8,1	96,8,1								232,8,1	192,8,1	232,8,1	192,8,1	144,8,1	240,8,1						176,8,1	176,8,1	104,8,1												
月阙之杀劫僧帽	80,8,1	80,8,1							120,8,1	120,8,1	80,8,1	88,8,1						248,8,1	248,8,1	96,8,1						96,8,1	96,8,1	192,8,1					104,8,1	104,8,1	88,8,1					96,8,1	96,8,1	96,8,1								232,8,1	192,8,1	232,8,1	192,8,1	144,8,1	240,8,1						176,8,1	176,8,1	104,8,1												
月阙之破劫僧帽	80,8,1	80,8,1							120,8,1	120,8,1	80,8,1	88,8,1						248,8,1	248,8,1	96,8,1						96,8,1	96,8,1	192,8,1					104,8,1	104,8,1	88,8,1					96,8,1	96,8,1	96,8,1								232,8,1	192,8,1	232,8,1	192,8,1	144,8,1	240,8,1						176,8,1	176,8,1	104,8,1												
月阙之奋武盔	80,8,1	80,8,1	80,8,1	64,8,1	64,8,1	96,8,1	64,8,1	64,8,1	120,8,1	120,8,1	80,8,1	88,8,1	96,8,1	96,8,1	96,8,1	96,8,1	96,8,1	248,8,1	248,8,1	96,8,1	96,8,1	96,8,1	96,8,1	96,8,1	96,8,1	96,8,1	96,8,1	192,8,1	64,8,1	64,8,1	48,8,1	48,8,1	104,8,1	104,8,1	88,8,1	104,8,1	120,8,1	80,8,1	80,8,1	96,8,1	96,8,1	96,8,1	96,8,1	104,8,1	104,8,1	104,8,1	96,8,1	128,8,1	96,8,1	232,8,1	192,8,1	232,8,1	192,8,1	144,8,1	240,8,1	96,8,1	96,8,1	80,8,1	96,8,1	80,8,1	176,8,1	176,8,1	104,8,1	96,8,1	112,8,1	112,8,1	96,8,1	80,8,1	96,8,1	112,8,1	96,8,1	48,8,1	112,8,1	112,8,1	112,8,1
月阙之烽烟盔	80,8,1	80,8,1	80,8,1	64,8,1	64,8,1	96,8,1	64,8,1	64,8,1	120,8,1	120,8,1	80,8,1	88,8,1	96,8,1	96,8,1	96,8,1	96,8,1	96,8,1	248,8,1	248,8,1	96,8,1	96,8,1	96,8,1	96,8,1	96,8,1	96,8,1	96,8,1	96,8,1	192,8,1	64,8,1	64,8,1	48,8,1	48,8,1	104,8,1	104,8,1	88,8,1	104,8,1	120,8,1	80,8,1	80,8,1	96,8,1	96,8,1	96,8,1	96,8,1	104,8,1	104,8,1	104,8,1	96,8,1	128,8,1	96,8,1	232,8,1	192,8,1	232,8,1	192,8,1	144,8,1	240,8,1	96,8,1	96,8,1	80,8,1	96,8,1	80,8,1	176,8,1	176,8,1	104,8,1	96,8,1	112,8,1	112,8,1	96,8,1	80,8,1	96,8,1	112,8,1	96,8,1	48,8,1	112,8,1	112,8,1	112,8,1
月阙之长空盔	80,8,1	80,8,1	80,8,1	64,8,1	64,8,1	96,8,1	64,8,1	64,8,1	120,8,1	120,8,1	80,8,1	88,8,1	96,8,1	96,8,1	96,8,1	96,8,1	96,8,1	248,8,1	248,8,1	96,8,1	96,8,1	96,8,1	96,8,1	96,8,1	96,8,1	96,8,1	96,8,1	192,8,1	64,8,1	64,8,1	48,8,1	48,8,1	104,8,1	104,8,1	88,8,1	104,8,1	120,8,1	80,8,1	80,8,1	96,8,1	96,8,1	96,8,1	96,8,1	104,8,1	104,8,1	104,8,1	96,8,1	128,8,1	96,8,1	232,8,1	192,8,1	232,8,1	192,8,1	144,8,1	240,8,1	96,8,1	96,8,1	80,8,1	96,8,1	80,8,1	176,8,1	176,8,1	104,8,1	96,8,1	112,8,1	112,8,1	96,8,1	80,8,1	96,8,1	112,8,1	96,8,1	48,8,1	112,8,1	112,8,1	112,8,1
月阙之惊鸿发带	80,8,1	80,8,1	80,8,1	64,8,1	64,8,1	96,8,1	64,8,1	64,8,1	120,8,1	120,8,1	80,8,1	88,8,1	96,8,1	96,8,1	96,8,1	96,8,1	96,8,1	248,8,1	248,8,1	96,8,1	96,8,1	96,8,1	96,8,1	96,8,1	96,8,1	96,8,1	96,8,1	192,8,1	64,8,1	64,8,1	48,8,1	48,8,1	104,8,1	104,8,1	88,8,1	104,8,1	120,8,1	80,8,1	80,8,1	96,8,1	96,8,1	96,8,1	96,8,1	104,8,1	104,8,1	104,8,1	96,8,1	128,8,1	96,8,1	232,8,1	192,8,1	232,8,1	192,8,1	144,8,1	240,8,1	96,8,1	96,8,1	80,8,1	96,8,1	80,8,1	176,8,1	176,8,1	104,8,1	96,8,1	112,8,1	112,8,1	96,8,1	80,8,1	96,8,1	112,8,1	96,8,1	48,8,1	112,8,1	112,8,1	112,8,1
月阙之晓月发带	80,8,1	80,8,1	80,8,1	64,8,1	64,8,1	96,8,1	64,8,1	64,8,1	120,8,1	120,8,1	80,8,1	88,8,1	96,8,1	96,8,1	96,8,1	96,8,1	96,8,1	248,8,1	248,8,1	96,8,1	96,8,1	96,8,1	96,8,1	96,8,1	96,8,1	96,8,1	96,8,1	192,8,1	64,8,1	64,8,1	48,8,1	48,8,1	104,8,1	104,8,1	88,8,1	104,8,1	120,8,1	80,8,1	80,8,1	96,8,1	96,8,1	96,8,1	96,8,1	104,8,1	104,8,1	104,8,1	96,8,1	128,8,1	96,8,1	232,8,1	192,8,1	232,8,1	192,8,1	144,8,1	240,8,1	96,8,1	96,8,1	80,8,1	96,8,1	80,8,1	176,8,1	176,8,1	104,8,1	96,8,1	112,8,1	112,8,1	96,8,1	80,8,1	96,8,1	112,8,1	96,8,1	48,8,1	112,8,1	112,8,1	112,8,1
月阙之相思簪	80,8,1	80,8,1	80,8,1	64,8,1	64,8,1	96,8,1	64,8,1	64,8,1	120,8,1	120,8,1	80,8,1	88,8,1	96,8,1	96,8,1	96,8,1	96,8,1	96,8,1	248,8,1	248,8,1	96,8,1	96,8,1	96,8,1	96,8,1	96,8,1	96,8,1	96,8,1	96,8,1	192,8,1	64,8,1	64,8,1	48,8,1	48,8,1	104,8,1	104,8,1	88,8,1	104,8,1	120,8,1	80,8,1	80,8,1	96,8,1	96,8,1	96,8,1	96,8,1	104,8,1	104,8,1	104,8,1	96,8,1	128,8,1	96,8,1	232,8,1	192,8,1	232,8,1	192,8,1	144,8,1	240,8,1	96,8,1	96,8,1	80,8,1	96,8,1	80,8,1	176,8,1	176,8,1	104,8,1	96,8,1	112,8,1	112,8,1	96,8,1	80,8,1	96,8,1	112,8,1	96,8,1	48,8,1	112,8,1	112,8,1	112,8,1
月阙之风月簪	80,8,1	80,8,1	80,8,1	64,8,1	64,8,1	96,8,1	64,8,1	64,8,1	120,8,1	120,8,1	80,8,1	88,8,1	96,8,1	96,8,1	96,8,1	96,8,1	96,8,1	248,8,1	248,8,1	96,8,1	96,8,1	96,8,1	96,8,1	96,8,1	96,8,1	96,8,1	96,8,1	192,8,1	64,8,1	64,8,1	48,8,1	48,8,1	104,8,1	104,8,1	88,8,1	104,8,1	120,8,1	80,8,1	80,8,1	96,8,1	96,8,1	96,8,1	96,8,1	104,8,1	104,8,1	104,8,1	96,8,1	128,8,1	96,8,1	232,8,1	192,8,1	232,8,1	192,8,1	144,8,1	240,8,1	96,8,1	96,8,1	80,8,1	96,8,1	80,8,1	176,8,1	176,8,1	104,8,1	96,8,1	112,8,1	112,8,1	96,8,1	80,8,1	96,8,1	112,8,1	96,8,1	48,8,1	112,8,1	112,8,1	112,8,1
月阙之百毒发带	80,8,1	80,8,1	80,8,1	64,8,1	64,8,1	96,8,1	64,8,1	64,8,1	120,8,1	120,8,1	80,8,1	88,8,1	96,8,1	96,8,1	96,8,1	96,8,1	96,8,1	248,8,1	248,8,1	96,8,1	96,8,1	96,8,1	96,8,1	96,8,1	96,8,1	96,8,1	96,8,1	192,8,1	64,8,1	64,8,1	48,8,1	48,8,1	104,8,1	104,8,1	88,8,1	104,8,1	120,8,1	80,8,1	80,8,1	96,8,1	96,8,1	96,8,1	96,8,1	104,8,1	104,8,1	104,8,1	96,8,1	128,8,1	96,8,1	232,8,1	192,8,1	232,8,1	192,8,1	144,8,1	240,8,1	96,8,1	96,8,1	80,8,1	96,8,1	80,8,1	176,8,1	176,8,1	104,8,1	96,8,1	112,8,1	112,8,1	96,8,1	80,8,1	96,8,1	112,8,1	96,8,1	48,8,1	112,8,1	112,8,1	112,8,1
月阙之幽冥发带	80,8,1	80,8,1	80,8,1	64,8,1	64,8,1	96,8,1	64,8,1	64,8,1	120,8,1	120,8,1	80,8,1	88,8,1	96,8,1	96,8,1	96,8,1	96,8,1	96,8,1	248,8,1	248,8,1	96,8,1	96,8,1	96,8,1	96,8,1	96,8,1	96,8,1	96,8,1	96,8,1	192,8,1	64,8,1	64,8,1	48,8,1	48,8,1	104,8,1	104,8,1	88,8,1	104,8,1	120,8,1	80,8,1	80,8,1	96,8,1	96,8,1	96,8,1	96,8,1	104,8,1	104,8,1	104,8,1	96,8,1	128,8,1	96,8,1	232,8,1	192,8,1	232,8,1	192,8,1	144,8,1	240,8,1	96,8,1	96,8,1	80,8,1	96,8,1	80,8,1	176,8,1	176,8,1	104,8,1	96,8,1	112,8,1	112,8,1	96,8,1	80,8,1	96,8,1	112,8,1	96,8,1	48,8,1	112,8,1	112,8,1	112,8,1
月阙之催命冠	80,8,1	80,8,1	80,8,1	64,8,1	64,8,1	96,8,1	64,8,1	64,8,1	120,8,1	120,8,1	80,8,1	88,8,1	96,8,1	96,8,1	96,8,1	96,8,1	96,8,1	248,8,1	248,8,1	96,8,1	96,8,1	96,8,1	96,8,1	96,8,1	96,8,1	96,8,1	96,8,1	192,8,1	64,8,1	64,8,1	48,8,1	48,8,1	104,8,1	104,8,1	88,8,1	104,8,1	120,8,1	80,8,1	80,8,1	96,8,1	96,8,1	96,8,1	96,8,1	104,8,1	104,8,1	104,8,1	96,8,1	128,8,1	96,8,1	232,8,1	192,8,1	232,8,1	192,8,1	144,8,1	240,8,1	96,8,1	96,8,1	80,8,1	96,8,1	80,8,1	176,8,1	176,8,1	104,8,1	96,8,1	112,8,1	112,8,1	96,8,1	80,8,1	96,8,1	112,8,1	96,8,1	48,8,1	112,8,1	112,8,1	112,8,1
月阙之秘毒冠	80,8,1	80,8,1	80,8,1	64,8,1	64,8,1	96,8,1	64,8,1	64,8,1	120,8,1	120,8,1	80,8,1	88,8,1	96,8,1	96,8,1	96,8,1	96,8,1	96,8,1	248,8,1	248,8,1	96,8,1	96,8,1	96,8,1	96,8,1	96,8,1	96,8,1	96,8,1	96,8,1	192,8,1	64,8,1	64,8,1	48,8,1	48,8,1	104,8,1	104,8,1	88,8,1	104,8,1	120,8,1	80,8,1	80,8,1	96,8,1	96,8,1	96,8,1	96,8,1	104,8,1	104,8,1	104,8,1	96,8,1	128,8,1	96,8,1	232,8,1	192,8,1	232,8,1	192,8,1	144,8,1	240,8,1	96,8,1	96,8,1	80,8,1	96,8,1	80,8,1	176,8,1	176,8,1	104,8,1	96,8,1	112,8,1	112,8,1	96,8,1	80,8,1	96,8,1	112,8,1	96,8,1	48,8,1	112,8,1	112,8,1	112,8,1
月阙之蔓荼发冠	80,8,1	80,8,1	80,8,1	64,8,1	64,8,1	96,8,1	64,8,1	64,8,1	120,8,1	120,8,1	80,8,1	88,8,1	96,8,1	96,8,1	96,8,1	96,8,1	96,8,1	248,8,1	248,8,1	96,8,1	96,8,1	96,8,1	96,8,1	96,8,1	96,8,1	96,8,1	96,8,1	192,8,1	64,8,1	64,8,1	48,8,1	48,8,1	104,8,1	104,8,1	88,8,1	104,8,1	120,8,1	80,8,1	80,8,1	96,8,1	96,8,1	96,8,1	96,8,1	104,8,1	104,8,1	104,8,1	96,8,1	128,8,1	96,8,1	232,8,1	192,8,1	232,8,1	192,8,1	144,8,1	240,8,1	96,8,1	96,8,1	80,8,1	96,8,1	80,8,1	176,8,1	176,8,1	104,8,1	96,8,1	112,8,1	112,8,1	96,8,1	80,8,1	96,8,1	112,8,1	96,8,1	48,8,1	112,8,1	112,8,1	112,8,1
月阙之赤龙头环	80,8,1	80,8,1	80,8,1	64,8,1	64,8,1	96,8,1	64,8,1	64,8,1	120,8,1	120,8,1	80,8,1	88,8,1	96,8,1	96,8,1	96,8,1	96,8,1	96,8,1	248,8,1	248,8,1	96,8,1	96,8,1	96,8,1	96,8,1	96,8,1	96,8,1	96,8,1	96,8,1	192,8,1	64,8,1	64,8,1	48,8,1	48,8,1	104,8,1	104,8,1	88,8,1	104,8,1	120,8,1	80,8,1	80,8,1	96,8,1	96,8,1	96,8,1	96,8,1	104,8,1	104,8,1	104,8,1	96,8,1	128,8,1	96,8,1	232,8,1	192,8,1	232,8,1	192,8,1	144,8,1	240,8,1	96,8,1	96,8,1	80,8,1	96,8,1	80,8,1	176,8,1	176,8,1	104,8,1	96,8,1	112,8,1	112,8,1	96,8,1	80,8,1	96,8,1	112,8,1	96,8,1	48,8,1	112,8,1	112,8,1	112,8,1
月阙之豪杰头环	80,8,1	80,8,1	80,8,1	64,8,1	64,8,1	96,8,1	64,8,1	64,8,1	120,8,1	120,8,1	80,8,1	88,8,1	96,8,1	96,8,1	96,8,1	96,8,1	96,8,1	248,8,1	248,8,1	96,8,1	96,8,1	96,8,1	96,8,1	96,8,1	96,8,1	96,8,1	96,8,1	192,8,1	64,8,1	64,8,1	48,8,1	48,8,1	104,8,1	104,8,1	88,8,1	104,8,1	120,8,1	80,8,1	80,8,1	96,8,1	96,8,1	96,8,1	96,8,1	104,8,1	104,8,1	104,8,1	96,8,1	128,8,1	96,8,1	232,8,1	192,8,1	232,8,1	192,8,1	144,8,1	240,8,1	96,8,1	96,8,1	80,8,1	96,8,1	80,8,1	176,8,1	176,8,1	104,8,1	96,8,1	112,8,1	112,8,1	96,8,1	80,8,1	96,8,1	112,8,1	96,8,1	48,8,1	112,8,1	112,8,1	112,8,1
月阙之贪狼盔	80,8,1	80,8,1	80,8,1	64,8,1	64,8,1	96,8,1	64,8,1	64,8,1	120,8,1	120,8,1	80,8,1	88,8,1	96,8,1	96,8,1	96,8,1	96,8,1	96,8,1	248,8,1	248,8,1	96,8,1	96,8,1	96,8,1	96,8,1	96,8,1	96,8,1	96,8,1	96,8,1	192,8,1	64,8,1	64,8,1	48,8,1	48,8,1	104,8,1	104,8,1	88,8,1	104,8,1	120,8,1	80,8,1	80,8,1	96,8,1	96,8,1	96,8,1	96,8,1	104,8,1	104,8,1	104,8,1	96,8,1	128,8,1	96,8,1	232,8,1	192,8,1	232,8,1	192,8,1	144,8,1	240,8,1	96,8,1	96,8,1	80,8,1	96,8,1	80,8,1	176,8,1	176,8,1	104,8,1	96,8,1	112,8,1	112,8,1	96,8,1	80,8,1	96,8,1	112,8,1	96,8,1	48,8,1	112,8,1	112,8,1	112,8,1
月阙之烈阳冠冕	80,8,1	80,8,1	80,8,1	64,8,1	64,8,1	96,8,1	64,8,1	64,8,1	120,8,1	120,8,1	80,8,1	88,8,1	96,8,1	96,8,1	96,8,1	96,8,1	96,8,1	248,8,1	248,8,1	96,8,1	96,8,1	96,8,1	96,8,1	96,8,1	96,8,1	96,8,1	96,8,1	192,8,1	64,8,1	64,8,1	48,8,1	48,8,1	104,8,1	104,8,1	88,8,1	104,8,1	120,8,1	80,8,1	80,8,1	96,8,1	96,8,1	96,8,1	96,8,1	104,8,1	104,8,1	104,8,1	96,8,1	128,8,1	96,8,1	232,8,1	192,8,1	232,8,1	192,8,1	144,8,1	240,8,1	96,8,1	96,8,1	80,8,1	96,8,1	80,8,1	176,8,1	176,8,1	104,8,1	96,8,1	112,8,1	112,8,1	96,8,1	80,8,1	96,8,1	112,8,1	96,8,1	48,8,1	112,8,1	112,8,1	112,8,1
月阙之灵动冠	80,8,1	80,8,1	80,8,1	64,8,1	64,8,1	96,8,1	64,8,1	64,8,1	120,8,1	120,8,1	80,8,1	88,8,1	96,8,1	96,8,1	96,8,1	96,8,1	96,8,1	248,8,1	248,8,1	96,8,1	96,8,1	96,8,1	96,8,1	96,8,1	96,8,1	96,8,1	96,8,1	192,8,1	64,8,1	64,8,1	48,8,1	48,8,1	104,8,1	104,8,1	88,8,1	104,8,1	120,8,1	80,8,1	80,8,1	96,8,1	96,8,1	96,8,1	96,8,1	104,8,1	104,8,1	104,8,1	96,8,1	128,8,1	96,8,1	232,8,1	192,8,1	232,8,1	192,8,1	144,8,1	240,8,1	96,8,1	96,8,1	80,8,1	96,8,1	80,8,1	176,8,1	176,8,1	104,8,1	96,8,1	112,8,1	112,8,1	96,8,1	80,8,1	96,8,1	112,8,1	96,8,1	48,8,1	112,8,1	112,8,1	112,8,1
月阙之幻影冠	80,8,1	80,8,1	80,8,1	64,8,1	64,8,1	96,8,1	64,8,1	64,8,1	120,8,1	120,8,1	80,8,1	88,8,1	96,8,1	96,8,1	96,8,1	96,8,1	96,8,1	248,8,1	248,8,1	96,8,1	96,8,1	96,8,1	96,8,1	96,8,1	96,8,1	96,8,1	96,8,1	192,8,1	64,8,1	64,8,1	48,8,1	48,8,1	104,8,1	104,8,1	88,8,1	104,8,1	120,8,1	80,8,1	80,8,1	96,8,1	96,8,1	96,8,1	96,8,1	104,8,1	104,8,1	104,8,1	96,8,1	128,8,1	96,8,1	232,8,1	192,8,1	232,8,1	192,8,1	144,8,1	240,8,1	96,8,1	96,8,1	80,8,1	96,8,1	80,8,1	176,8,1	176,8,1	104,8,1	96,8,1	112,8,1	112,8,1	96,8,1	80,8,1	96,8,1	112,8,1	96,8,1	48,8,1	112,8,1	112,8,1	112,8,1
月阙之凌风道冠	80,8,1	80,8,1	80,8,1	64,8,1	64,8,1	96,8,1	64,8,1	64,8,1	120,8,1	120,8,1	80,8,1	88,8,1	96,8,1	96,8,1	96,8,1	96,8,1	96,8,1	248,8,1	248,8,1	96,8,1	96,8,1	96,8,1	96,8,1	96,8,1	96,8,1	96,8,1	96,8,1	192,8,1	64,8,1	64,8,1	48,8,1	48,8,1	104,8,1	104,8,1	88,8,1	104,8,1	120,8,1	80,8,1	80,8,1	96,8,1	96,8,1	96,8,1	96,8,1	104,8,1	104,8,1	104,8,1	96,8,1	128,8,1	96,8,1	232,8,1	192,8,1	232,8,1	192,8,1	144,8,1	240,8,1	96,8,1	96,8,1	80,8,1	96,8,1	80,8,1	176,8,1	176,8,1	104,8,1	96,8,1	112,8,1	112,8,1	96,8,1	80,8,1	96,8,1	112,8,1	96,8,1	48,8,1	112,8,1	112,8,1	112,8,1
月阙之沐雨道冠	80,8,1	80,8,1	80,8,1	64,8,1	64,8,1	96,8,1	64,8,1	64,8,1	120,8,1	120,8,1	80,8,1	88,8,1	96,8,1	96,8,1	96,8,1	96,8,1	96,8,1	248,8,1	248,8,1	96,8,1	96,8,1	96,8,1	96,8,1	96,8,1	96,8,1	96,8,1	96,8,1	192,8,1	64,8,1	64,8,1	48,8,1	48,8,1	104,8,1	104,8,1	88,8,1	104,8,1	120,8,1	80,8,1	80,8,1	96,8,1	96,8,1	96,8,1	96,8,1	104,8,1	104,8,1	104,8,1	96,8,1	128,8,1	96,8,1	232,8,1	192,8,1	232,8,1	192,8,1	144,8,1	240,8,1	96,8,1	96,8,1	80,8,1	96,8,1	80,8,1	176,8,1	176,8,1	104,8,1	96,8,1	112,8,1	112,8,1	96,8,1	80,8,1	96,8,1	112,8,1	96,8,1	48,8,1	112,8,1	112,8,1	112,8,1
月阙之清风冠	80,8,1	80,8,1	80,8,1	64,8,1	64,8,1	96,8,1	64,8,1	64,8,1	120,8,1	120,8,1	80,8,1	88,8,1	96,8,1	96,8,1	96,8,1	96,8,1	96,8,1	248,8,1	248,8,1	96,8,1	96,8,1	96,8,1	96,8,1	96,8,1	96,8,1	96,8,1	96,8,1	192,8,1	64,8,1	64,8,1	48,8,1	48,8,1	104,8,1	104,8,1	88,8,1	104,8,1	120,8,1	80,8,1	80,8,1	96,8,1	96,8,1	96,8,1	96,8,1	104,8,1	104,8,1	104,8,1	96,8,1	128,8,1	96,8,1	232,8,1	192,8,1	232,8,1	192,8,1	144,8,1	240,8,1	96,8,1	96,8,1	80,8,1	96,8,1	80,8,1	176,8,1	176,8,1	104,8,1	96,8,1	112,8,1	112,8,1	96,8,1	80,8,1	96,8,1	112,8,1	96,8,1	48,8,1	112,8,1	112,8,1	112,8,1
月阙之逸影冠	80,8,1	80,8,1	80,8,1	64,8,1	64,8,1	96,8,1	64,8,1	64,8,1	120,8,1	120,8,1	80,8,1	88,8,1	96,8,1	96,8,1	96,8,1	96,8,1	96,8,1	248,8,1	248,8,1	96,8,1	96,8,1	96,8,1	96,8,1	96,8,1	96,8,1	96,8,1	96,8,1	192,8,1	64,8,1	64,8,1	48,8,1	48,8,1	104,8,1	104,8,1	88,8,1	104,8,1	120,8,1	80,8,1	80,8,1	96,8,1	96,8,1	96,8,1	96,8,1	104,8,1	104,8,1	104,8,1	96,8,1	128,8,1	96,8,1	232,8,1	192,8,1	232,8,1	192,8,1	144,8,1	240,8,1	96,8,1	96,8,1	80,8,1	96,8,1	80,8,1	176,8,1	176,8,1	104,8,1	96,8,1	112,8,1	112,8,1	96,8,1	80,8,1	96,8,1	112,8,1	96,8,1	48,8,1	112,8,1	112,8,1	112,8,1
耀阳之梦龙僧帽	80,8,1	80,8,1							120,8,1	120,8,1	80,8,1	88,8,1						248,8,1	248,8,1	96,8,1						96,8,1	96,8,1	192,8,1					104,8,1	104,8,1	88,8,1					96,8,1	96,8,1	96,8,1								232,8,1	192,8,1	232,8,1	192,8,1	144,8,1	240,8,1						176,8,1	176,8,1	104,8,1												
耀阳之伏魔僧帽	80,8,1	80,8,1							120,8,1	120,8,1	80,8,1	88,8,1						248,8,1	248,8,1	96,8,1						96,8,1	96,8,1	192,8,1					104,8,1	104,8,1	88,8,1					96,8,1	96,8,1	96,8,1								232,8,1	192,8,1	232,8,1	192,8,1	144,8,1	240,8,1						176,8,1	176,8,1	104,8,1												
耀阳之四空僧帽	80,8,1	80,8,1							120,8,1	120,8,1	80,8,1	88,8,1						248,8,1	248,8,1	96,8,1						96,8,1	96,8,1	192,8,1					104,8,1	104,8,1	88,8,1					96,8,1	96,8,1	96,8,1								232,8,1	192,8,1	232,8,1	192,8,1	144,8,1	240,8,1						176,8,1	176,8,1	104,8,1												
耀阳之撼天盔	80,8,1	80,8,1	80,8,1	64,8,1	64,8,1	96,8,1	64,8,1	64,8,1	120,8,1	120,8,1	80,8,1	88,8,1	96,8,1	96,8,1	96,8,1	96,8,1	96,8,1	248,8,1	248,8,1	96,8,1	96,8,1	96,8,1	96,8,1	96,8,1	96,8,1	96,8,1	96,8,1	192,8,1	64,8,1	64,8,1	48,8,1	48,8,1	104,8,1	104,8,1	88,8,1	104,8,1	120,8,1	80,8,1	80,8,1	96,8,1	96,8,1	96,8,1	96,8,1	104,8,1	104,8,1	104,8,1	96,8,1	128,8,1	96,8,1	232,8,1	192,8,1	232,8,1	192,8,1	144,8,1	240,8,1	96,8,1	96,8,1	80,8,1	96,8,1	80,8,1	176,8,1	176,8,1	104,8,1	96,8,1	112,8,1	112,8,1	96,8,1	80,8,1	96,8,1	112,8,1	96,8,1	48,8,1	112,8,1	112,8,1	112,8,1
耀阳之继业盔	80,8,1	80,8,1	80,8,1	64,8,1	64,8,1	96,8,1	64,8,1	64,8,1	120,8,1	120,8,1	80,8,1	88,8,1	96,8,1	96,8,1	96,8,1	96,8,1	96,8,1	248,8,1	248,8,1	96,8,1	96,8,1	96,8,1	96,8,1	96,8,1	96,8,1	96,8,1	96,8,1	192,8,1	64,8,1	64,8,1	48,8,1	48,8,1	104,8,1	104,8,1	88,8,1	104,8,1	120,8,1	80,8,1	80,8,1	96,8,1	96,8,1	96,8,1	96,8,1	104,8,1	104,8,1	104,8,1	96,8,1	128,8,1	96,8,1	232,8,1	192,8,1	232,8,1	192,8,1	144,8,1	240,8,1	96,8,1	96,8,1	80,8,1	96,8,1	80,8,1	176,8,1	176,8,1	104,8,1	96,8,1	112,8,1	112,8,1	96,8,1	80,8,1	96,8,1	112,8,1	96,8,1	48,8,1	112,8,1	112,8,1	112,8,1
耀阳之御龙盔	80,8,1	80,8,1	80,8,1	64,8,1	64,8,1	96,8,1	64,8,1	64,8,1	120,8,1	120,8,1	80,8,1	88,8,1	96,8,1	96,8,1	96,8,1	96,8,1	96,8,1	248,8,1	248,8,1	96,8,1	96,8,1	96,8,1	96,8,1	96,8,1	96,8,1	96,8,1	96,8,1	192,8,1	64,8,1	64,8,1	48,8,1	48,8,1	104,8,1	104,8,1	88,8,1	104,8,1	120,8,1	80,8,1	80,8,1	96,8,1	96,8,1	96,8,1	96,8,1	104,8,1	104,8,1	104,8,1	96,8,1	128,8,1	96,8,1	232,8,1	192,8,1	232,8,1	192,8,1	144,8,1	240,8,1	96,8,1	96,8,1	80,8,1	96,8,1	80,8,1	176,8,1	176,8,1	104,8,1	96,8,1	112,8,1	112,8,1	96,8,1	80,8,1	96,8,1	112,8,1	96,8,1	48,8,1	112,8,1	112,8,1	112,8,1
耀阳之无间发带	80,8,1	80,8,1	80,8,1	64,8,1	64,8,1	96,8,1	64,8,1	64,8,1	120,8,1	120,8,1	80,8,1	88,8,1	96,8,1	96,8,1	96,8,1	96,8,1	96,8,1	248,8,1	248,8,1	96,8,1	96,8,1	96,8,1	96,8,1	96,8,1	96,8,1	96,8,1	96,8,1	192,8,1	64,8,1	64,8,1	48,8,1	48,8,1	104,8,1	104,8,1	88,8,1	104,8,1	120,8,1	80,8,1	80,8,1	96,8,1	96,8,1	96,8,1	96,8,1	104,8,1	104,8,1	104,8,1	96,8,1	128,8,1	96,8,1	232,8,1	192,8,1	232,8,1	192,8,1	144,8,1	240,8,1	96,8,1	96,8,1	80,8,1	96,8,1	80,8,1	176,8,1	176,8,1	104,8,1	96,8,1	112,8,1	112,8,1	96,8,1	80,8,1	96,8,1	112,8,1	96,8,1	48,8,1	112,8,1	112,8,1	112,8,1
耀阳之无魇发带	80,8,1	80,8,1	80,8,1	64,8,1	64,8,1	96,8,1	64,8,1	64,8,1	120,8,1	120,8,1	80,8,1	88,8,1	96,8,1	96,8,1	96,8,1	96,8,1	96,8,1	248,8,1	248,8,1	96,8,1	96,8,1	96,8,1	96,8,1	96,8,1	96,8,1	96,8,1	96,8,1	192,8,1	64,8,1	64,8,1	48,8,1	48,8,1	104,8,1	104,8,1	88,8,1	104,8,1	120,8,1	80,8,1	80,8,1	96,8,1	96,8,1	96,8,1	96,8,1	104,8,1	104,8,1	104,8,1	96,8,1	128,8,1	96,8,1	232,8,1	192,8,1	232,8,1	192,8,1	144,8,1	240,8,1	96,8,1	96,8,1	80,8,1	96,8,1	80,8,1	176,8,1	176,8,1	104,8,1	96,8,1	112,8,1	112,8,1	96,8,1	80,8,1	96,8,1	112,8,1	96,8,1	48,8,1	112,8,1	112,8,1	112,8,1
耀阳之栖凰簪	80,8,1	80,8,1	80,8,1	64,8,1	64,8,1	96,8,1	64,8,1	64,8,1	120,8,1	120,8,1	80,8,1	88,8,1	96,8,1	96,8,1	96,8,1	96,8,1	96,8,1	248,8,1	248,8,1	96,8,1	96,8,1	96,8,1	96,8,1	96,8,1	96,8,1	96,8,1	96,8,1	192,8,1	64,8,1	64,8,1	48,8,1	48,8,1	104,8,1	104,8,1	88,8,1	104,8,1	120,8,1	80,8,1	80,8,1	96,8,1	96,8,1	96,8,1	96,8,1	104,8,1	104,8,1	104,8,1	96,8,1	128,8,1	96,8,1	232,8,1	192,8,1	232,8,1	192,8,1	144,8,1	240,8,1	96,8,1	96,8,1	80,8,1	96,8,1	80,8,1	176,8,1	176,8,1	104,8,1	96,8,1	112,8,1	112,8,1	96,8,1	80,8,1	96,8,1	112,8,1	96,8,1	48,8,1	112,8,1	112,8,1	112,8,1
耀阳之碧海簪	80,8,1	80,8,1	80,8,1	64,8,1	64,8,1	96,8,1	64,8,1	64,8,1	120,8,1	120,8,1	80,8,1	88,8,1	96,8,1	96,8,1	96,8,1	96,8,1	96,8,1	248,8,1	248,8,1	96,8,1	96,8,1	96,8,1	96,8,1	96,8,1	96,8,1	96,8,1	96,8,1	192,8,1	64,8,1	64,8,1	48,8,1	48,8,1	104,8,1	104,8,1	88,8,1	104,8,1	120,8,1	80,8,1	80,8,1	96,8,1	96,8,1	96,8,1	96,8,1	104,8,1	104,8,1	104,8,1	96,8,1	128,8,1	96,8,1	232,8,1	192,8,1	232,8,1	192,8,1	144,8,1	240,8,1	96,8,1	96,8,1	80,8,1	96,8,1	80,8,1	176,8,1	176,8,1	104,8,1	96,8,1	112,8,1	112,8,1	96,8,1	80,8,1	96,8,1	112,8,1	96,8,1	48,8,1	112,8,1	112,8,1	112,8,1
耀阳之幽胧发带	80,8,1	80,8,1	80,8,1	64,8,1	64,8,1	96,8,1	64,8,1	64,8,1	120,8,1	120,8,1	80,8,1	88,8,1	96,8,1	96,8,1	96,8,1	96,8,1	96,8,1	248,8,1	248,8,1	96,8,1	96,8,1	96,8,1	96,8,1	96,8,1	96,8,1	96,8,1	96,8,1	192,8,1	64,8,1	64,8,1	48,8,1	48,8,1	104,8,1	104,8,1	88,8,1	104,8,1	120,8,1	80,8,1	80,8,1	96,8,1	96,8,1	96,8,1	96,8,1	104,8,1	104,8,1	104,8,1	96,8,1	128,8,1	96,8,1	232,8,1	192,8,1	232,8,1	192,8,1	144,8,1	240,8,1	96,8,1	96,8,1	80,8,1	96,8,1	80,8,1	176,8,1	176,8,1	104,8,1	96,8,1	112,8,1	112,8,1	96,8,1	80,8,1	96,8,1	112,8,1	96,8,1	48,8,1	112,8,1	112,8,1	112,8,1
耀阳之冥幻发带	80,8,1	80,8,1	80,8,1	64,8,1	64,8,1	96,8,1	64,8,1	64,8,1	120,8,1	120,8,1	80,8,1	88,8,1	96,8,1	96,8,1	96,8,1	96,8,1	96,8,1	248,8,1	248,8,1	96,8,1	96,8,1	96,8,1	96,8,1	96,8,1	96,8,1	96,8,1	96,8,1	192,8,1	64,8,1	64,8,1	48,8,1	48,8,1	104,8,1	104,8,1	88,8,1	104,8,1	120,8,1	80,8,1	80,8,1	96,8,1	96,8,1	96,8,1	96,8,1	104,8,1	104,8,1	104,8,1	96,8,1	128,8,1	96,8,1	232,8,1	192,8,1	232,8,1	192,8,1	144,8,1	240,8,1	96,8,1	96,8,1	80,8,1	96,8,1	80,8,1	176,8,1	176,8,1	104,8,1	96,8,1	112,8,1	112,8,1	96,8,1	80,8,1	96,8,1	112,8,1	96,8,1	48,8,1	112,8,1	112,8,1	112,8,1
耀阳之冰寒冠	80,8,1	80,8,1	80,8,1	64,8,1	64,8,1	96,8,1	64,8,1	64,8,1	120,8,1	120,8,1	80,8,1	88,8,1	96,8,1	96,8,1	96,8,1	96,8,1	96,8,1	248,8,1	248,8,1	96,8,1	96,8,1	96,8,1	96,8,1	96,8,1	96,8,1	96,8,1	96,8,1	192,8,1	64,8,1	64,8,1	48,8,1	48,8,1	104,8,1	104,8,1	88,8,1	104,8,1	120,8,1	80,8,1	80,8,1	96,8,1	96,8,1	96,8,1	96,8,1	104,8,1	104,8,1	104,8,1	96,8,1	128,8,1	96,8,1	232,8,1	192,8,1	232,8,1	192,8,1	144,8,1	240,8,1	96,8,1	96,8,1	80,8,1	96,8,1	80,8,1	176,8,1	176,8,1	104,8,1	96,8,1	112,8,1	112,8,1	96,8,1	80,8,1	96,8,1	112,8,1	96,8,1	48,8,1	112,8,1	112,8,1	112,8,1
耀阳之天光冠	80,8,1	80,8,1	80,8,1	64,8,1	64,8,1	96,8,1	64,8,1	64,8,1	120,8,1	120,8,1	80,8,1	88,8,1	96,8,1	96,8,1	96,8,1	96,8,1	96,8,1	248,8,1	248,8,1	96,8,1	96,8,1	96,8,1	96,8,1	96,8,1	96,8,1	96,8,1	96,8,1	192,8,1	64,8,1	64,8,1	48,8,1	48,8,1	104,8,1	104,8,1	88,8,1	104,8,1	120,8,1	80,8,1	80,8,1	96,8,1	96,8,1	96,8,1	96,8,1	104,8,1	104,8,1	104,8,1	96,8,1	128,8,1	96,8,1	232,8,1	192,8,1	232,8,1	192,8,1	144,8,1	240,8,1	96,8,1	96,8,1	80,8,1	96,8,1	80,8,1	176,8,1	176,8,1	104,8,1	96,8,1	112,8,1	112,8,1	96,8,1	80,8,1	96,8,1	112,8,1	96,8,1	48,8,1	112,8,1	112,8,1	112,8,1
耀阳之森荒发冠	80,8,1	80,8,1	80,8,1	64,8,1	64,8,1	96,8,1	64,8,1	64,8,1	120,8,1	120,8,1	80,8,1	88,8,1	96,8,1	96,8,1	96,8,1	96,8,1	96,8,1	248,8,1	248,8,1	96,8,1	96,8,1	96,8,1	96,8,1	96,8,1	96,8,1	96,8,1	96,8,1	192,8,1	64,8,1	64,8,1	48,8,1	48,8,1	104,8,1	104,8,1	88,8,1	104,8,1	120,8,1	80,8,1	80,8,1	96,8,1	96,8,1	96,8,1	96,8,1	104,8,1	104,8,1	104,8,1	96,8,1	128,8,1	96,8,1	232,8,1	192,8,1	232,8,1	192,8,1	144,8,1	240,8,1	96,8,1	96,8,1	80,8,1	96,8,1	80,8,1	176,8,1	176,8,1	104,8,1	96,8,1	112,8,1	112,8,1	96,8,1	80,8,1	96,8,1	112,8,1	96,8,1	48,8,1	112,8,1	112,8,1	112,8,1
耀阳之同仇头环	80,8,1	80,8,1	80,8,1	64,8,1	64,8,1	96,8,1	64,8,1	64,8,1	120,8,1	120,8,1	80,8,1	88,8,1	96,8,1	96,8,1	96,8,1	96,8,1	96,8,1	248,8,1	248,8,1	96,8,1	96,8,1	96,8,1	96,8,1	96,8,1	96,8,1	96,8,1	96,8,1	192,8,1	64,8,1	64,8,1	48,8,1	48,8,1	104,8,1	104,8,1	88,8,1	104,8,1	120,8,1	80,8,1	80,8,1	96,8,1	96,8,1	96,8,1	96,8,1	104,8,1	104,8,1	104,8,1	96,8,1	128,8,1	96,8,1	232,8,1	192,8,1	232,8,1	192,8,1	144,8,1	240,8,1	96,8,1	96,8,1	80,8,1	96,8,1	80,8,1	176,8,1	176,8,1	104,8,1	96,8,1	112,8,1	112,8,1	96,8,1	80,8,1	96,8,1	112,8,1	96,8,1	48,8,1	112,8,1	112,8,1	112,8,1
耀阳之敌忾头环	80,8,1	80,8,1	80,8,1	64,8,1	64,8,1	96,8,1	64,8,1	64,8,1	120,8,1	120,8,1	80,8,1	88,8,1	96,8,1	96,8,1	96,8,1	96,8,1	96,8,1	248,8,1	248,8,1	96,8,1	96,8,1	96,8,1	96,8,1	96,8,1	96,8,1	96,8,1	96,8,1	192,8,1	64,8,1	64,8,1	48,8,1	48,8,1	104,8,1	104,8,1	88,8,1	104,8,1	120,8,1	80,8,1	80,8,1	96,8,1	96,8,1	96,8,1	96,8,1	104,8,1	104,8,1	104,8,1	96,8,1	128,8,1	96,8,1	232,8,1	192,8,1	232,8,1	192,8,1	144,8,1	240,8,1	96,8,1	96,8,1	80,8,1	96,8,1	80,8,1	176,8,1	176,8,1	104,8,1	96,8,1	112,8,1	112,8,1	96,8,1	80,8,1	96,8,1	112,8,1	96,8,1	48,8,1	112,8,1	112,8,1	112,8,1
耀阳之魔煞盔	80,8,1	80,8,1	80,8,1	64,8,1	64,8,1	96,8,1	64,8,1	64,8,1	120,8,1	120,8,1	80,8,1	88,8,1	96,8,1	96,8,1	96,8,1	96,8,1	96,8,1	248,8,1	248,8,1	96,8,1	96,8,1	96,8,1	96,8,1	96,8,1	96,8,1	96,8,1	96,8,1	192,8,1	64,8,1	64,8,1	48,8,1	48,8,1	104,8,1	104,8,1	88,8,1	104,8,1	120,8,1	80,8,1	80,8,1	96,8,1	96,8,1	96,8,1	96,8,1	104,8,1	104,8,1	104,8,1	96,8,1	128,8,1	96,8,1	232,8,1	192,8,1	232,8,1	192,8,1	144,8,1	240,8,1	96,8,1	96,8,1	80,8,1	96,8,1	80,8,1	176,8,1	176,8,1	104,8,1	96,8,1	112,8,1	112,8,1	96,8,1	80,8,1	96,8,1	112,8,1	96,8,1	48,8,1	112,8,1	112,8,1	112,8,1
耀阳之魔煌冠冕	80,8,1	80,8,1	80,8,1	64,8,1	64,8,1	96,8,1	64,8,1	64,8,1	120,8,1	120,8,1	80,8,1	88,8,1	96,8,1	96,8,1	96,8,1	96,8,1	96,8,1	248,8,1	248,8,1	96,8,1	96,8,1	96,8,1	96,8,1	96,8,1	96,8,1	96,8,1	96,8,1	192,8,1	64,8,1	64,8,1	48,8,1	48,8,1	104,8,1	104,8,1	88,8,1	104,8,1	120,8,1	80,8,1	80,8,1	96,8,1	96,8,1	96,8,1	96,8,1	104,8,1	104,8,1	104,8,1	96,8,1	128,8,1	96,8,1	232,8,1	192,8,1	232,8,1	192,8,1	144,8,1	240,8,1	96,8,1	96,8,1	80,8,1	96,8,1	80,8,1	176,8,1	176,8,1	104,8,1	96,8,1	112,8,1	112,8,1	96,8,1	80,8,1	96,8,1	112,8,1	96,8,1	48,8,1	112,8,1	112,8,1	112,8,1
耀阳之凌岳冠	80,8,1	80,8,1	80,8,1	64,8,1	64,8,1	96,8,1	64,8,1	64,8,1	120,8,1	120,8,1	80,8,1	88,8,1	96,8,1	96,8,1	96,8,1	96,8,1	96,8,1	248,8,1	248,8,1	96,8,1	96,8,1	96,8,1	96,8,1	96,8,1	96,8,1	96,8,1	96,8,1	192,8,1	64,8,1	64,8,1	48,8,1	48,8,1	104,8,1	104,8,1	88,8,1	104,8,1	120,8,1	80,8,1	80,8,1	96,8,1	96,8,1	96,8,1	96,8,1	104,8,1	104,8,1	104,8,1	96,8,1	128,8,1	96,8,1	232,8,1	192,8,1	232,8,1	192,8,1	144,8,1	240,8,1	96,8,1	96,8,1	80,8,1	96,8,1	80,8,1	176,8,1	176,8,1	104,8,1	96,8,1	112,8,1	112,8,1	96,8,1	80,8,1	96,8,1	112,8,1	96,8,1	48,8,1	112,8,1	112,8,1	112,8,1
耀阳之及丰冠	80,8,1	80,8,1	80,8,1	64,8,1	64,8,1	96,8,1	64,8,1	64,8,1	120,8,1	120,8,1	80,8,1	88,8,1	96,8,1	96,8,1	96,8,1	96,8,1	96,8,1	248,8,1	248,8,1	96,8,1	96,8,1	96,8,1	96,8,1	96,8,1	96,8,1	96,8,1	96,8,1	192,8,1	64,8,1	64,8,1	48,8,1	48,8,1	104,8,1	104,8,1	88,8,1	104,8,1	120,8,1	80,8,1	80,8,1	96,8,1	96,8,1	96,8,1	96,8,1	104,8,1	104,8,1	104,8,1	96,8,1	128,8,1	96,8,1	232,8,1	192,8,1	232,8,1	192,8,1	144,8,1	240,8,1	96,8,1	96,8,1	80,8,1	96,8,1	80,8,1	176,8,1	176,8,1	104,8,1	96,8,1	112,8,1	112,8,1	96,8,1	80,8,1	96,8,1	112,8,1	96,8,1	48,8,1	112,8,1	112,8,1	112,8,1
耀阳之霜晶道冠	80,8,1	80,8,1	80,8,1	64,8,1	64,8,1	96,8,1	64,8,1	64,8,1	120,8,1	120,8,1	80,8,1	88,8,1	96,8,1	96,8,1	96,8,1	96,8,1	96,8,1	248,8,1	248,8,1	96,8,1	96,8,1	96,8,1	96,8,1	96,8,1	96,8,1	96,8,1	96,8,1	192,8,1	64,8,1	64,8,1	48,8,1	48,8,1	104,8,1	104,8,1	88,8,1	104,8,1	120,8,1	80,8,1	80,8,1	96,8,1	96,8,1	96,8,1	96,8,1	104,8,1	104,8,1	104,8,1	96,8,1	128,8,1	96,8,1	232,8,1	192,8,1	232,8,1	192,8,1	144,8,1	240,8,1	96,8,1	96,8,1	80,8,1	96,8,1	80,8,1	176,8,1	176,8,1	104,8,1	96,8,1	112,8,1	112,8,1	96,8,1	80,8,1	96,8,1	112,8,1	96,8,1	48,8,1	112,8,1	112,8,1	112,8,1
耀阳之雷穹道冠	80,8,1	80,8,1	80,8,1	64,8,1	64,8,1	96,8,1	64,8,1	64,8,1	120,8,1	120,8,1	80,8,1	88,8,1	96,8,1	96,8,1	96,8,1	96,8,1	96,8,1	248,8,1	248,8,1	96,8,1	96,8,1	96,8,1	96,8,1	96,8,1	96,8,1	96,8,1	96,8,1	192,8,1	64,8,1	64,8,1	48,8,1	48,8,1	104,8,1	104,8,1	88,8,1	104,8,1	120,8,1	80,8,1	80,8,1	96,8,1	96,8,1	96,8,1	96,8,1	104,8,1	104,8,1	104,8,1	96,8,1	128,8,1	96,8,1	232,8,1	192,8,1	232,8,1	192,8,1	144,8,1	240,8,1	96,8,1	96,8,1	80,8,1	96,8,1	80,8,1	176,8,1	176,8,1	104,8,1	96,8,1	112,8,1	112,8,1	96,8,1	80,8,1	96,8,1	112,8,1	96,8,1	48,8,1	112,8,1	112,8,1	112,8,1
耀阳之浮云冠	80,8,1	80,8,1	80,8,1	64,8,1	64,8,1	96,8,1	64,8,1	64,8,1	120,8,1	120,8,1	80,8,1	88,8,1	96,8,1	96,8,1	96,8,1	96,8,1	96,8,1	248,8,1	248,8,1	96,8,1	96,8,1	96,8,1	96,8,1	96,8,1	96,8,1	96,8,1	96,8,1	192,8,1	64,8,1	64,8,1	48,8,1	48,8,1	104,8,1	104,8,1	88,8,1	104,8,1	120,8,1	80,8,1	80,8,1	96,8,1	96,8,1	96,8,1	96,8,1	104,8,1	104,8,1	104,8,1	96,8,1	128,8,1	96,8,1	232,8,1	192,8,1	232,8,1	192,8,1	144,8,1	240,8,1	96,8,1	96,8,1	80,8,1	96,8,1	80,8,1	176,8,1	176,8,1	104,8,1	96,8,1	112,8,1	112,8,1	96,8,1	80,8,1	96,8,1	112,8,1	96,8,1	48,8,1	112,8,1	112,8,1	112,8,1
耀阳之冲云冠	80,8,1	80,8,1	80,8,1	64,8,1	64,8,1	96,8,1	64,8,1	64,8,1	120,8,1	120,8,1	80,8,1	88,8,1	96,8,1	96,8,1	96,8,1	96,8,1	96,8,1	248,8,1	248,8,1	96,8,1	96,8,1	96,8,1	96,8,1	96,8,1	96,8,1	96,8,1	96,8,1	192,8,1	64,8,1	64,8,1	48,8,1	48,8,1	104,8,1	104,8,1	88,8,1	104,8,1	120,8,1	80,8,1	80,8,1	96,8,1	96,8,1	96,8,1	96,8,1	104,8,1	104,8,1	104,8,1	96,8,1	128,8,1	96,8,1	232,8,1	192,8,1	232,8,1	192,8,1	144,8,1	240,8,1	96,8,1	96,8,1	80,8,1	96,8,1	80,8,1	176,8,1	176,8,1	104,8,1	96,8,1	112,8,1	112,8,1	96,8,1	80,8,1	96,8,1	112,8,1	96,8,1	48,8,1	112,8,1	112,8,1	112,8,1
武魂套装1	80,8,1	80,8,1	80,8,1	64,8,1	64,8,1	96,8,1	64,8,1	64,8,1	120,8,1	120,8,1	80,8,1	88,8,1	96,8,1	96,8,1	96,8,1	96,8,1	96,8,1	248,8,1	248,8,1	96,8,1	96,8,1	96,8,1	96,8,1	96,8,1	96,8,1	96,8,1	96,8,1	192,8,1	64,8,1	64,8,1	48,8,1	48,8,1	104,8,1	104,8,1	88,8,1	104,8,1	120,8,1	80,8,1	80,8,1	96,8,1	96,8,1	96,8,1	96,8,1	104,8,1	104,8,1	104,8,1	96,8,1	128,8,1	96,8,1	232,8,1	192,8,1	232,8,1	192,8,1	144,8,1	240,8,1	96,8,1	96,8,1	80,8,1	96,8,1	80,8,1	176,8,1	176,8,1	104,8,1	96,8,1	112,8,1	112,8,1	96,8,1	80,8,1	96,8,1	112,8,1	96,8,1	48,8,1	112,8,1	112,8,1	112,8,1
武魂套装2	80,8,1	80,8,1	80,8,1	64,8,1	64,8,1	96,8,1	64,8,1	64,8,1	120,8,1	120,8,1	80,8,1	88,8,1	96,8,1	96,8,1	96,8,1	96,8,1	96,8,1	248,8,1	248,8,1	96,8,1	96,8,1	96,8,1	96,8,1	96,8,1	96,8,1	96,8,1	96,8,1	192,8,1	64,8,1	64,8,1	48,8,1	48,8,1	104,8,1	104,8,1	88,8,1	104,8,1	120,8,1	80,8,1	80,8,1	96,8,1	96,8,1	96,8,1	96,8,1	104,8,1	104,8,1	104,8,1	96,8,1	128,8,1	96,8,1	232,8,1	192,8,1	232,8,1	192,8,1	144,8,1	240,8,1	96,8,1	96,8,1	80,8,1	96,8,1	80,8,1	176,8,1	176,8,1	104,8,1	96,8,1	112,8,1	112,8,1	96,8,1	80,8,1	96,8,1	112,8,1	96,8,1	48,8,1	112,8,1	112,8,1	112,8,1
武魂套装3	80,8,1	80,8,1	80,8,1	64,8,1	64,8,1	96,8,1	64,8,1	64,8,1	120,8,1	120,8,1	80,8,1	88,8,1	96,8,1	96,8,1	96,8,1	96,8,1	96,8,1	248,8,1	248,8,1	96,8,1	96,8,1	96,8,1	96,8,1	96,8,1	96,8,1	96,8,1	96,8,1	192,8,1	64,8,1	64,8,1	48,8,1	48,8,1	104,8,1	104,8,1	88,8,1	104,8,1	120,8,1	80,8,1	80,8,1	96,8,1	96,8,1	96,8,1	96,8,1	104,8,1	104,8,1	104,8,1	96,8,1	128,8,1	96,8,1	232,8,1	192,8,1	232,8,1	192,8,1	144,8,1	240,8,1	96,8,1	96,8,1	80,8,1	96,8,1	80,8,1	176,8,1	176,8,1	104,8,1	96,8,1	112,8,1	112,8,1	96,8,1	80,8,1	96,8,1	112,8,1	96,8,1	48,8,1	112,8,1	112,8,1	112,8,1
武魂套装4	80,8,1	80,8,1	80,8,1	64,8,1	64,8,1	96,8,1	64,8,1	64,8,1	120,8,1	120,8,1	80,8,1	88,8,1	96,8,1	96,8,1	96,8,1	96,8,1	96,8,1	248,8,1	248,8,1	96,8,1	96,8,1	96,8,1	96,8,1	96,8,1	96,8,1	96,8,1	96,8,1	192,8,1	64,8,1	64,8,1	48,8,1	48,8,1	104,8,1	104,8,1	88,8,1	104,8,1	120,8,1	80,8,1	80,8,1	96,8,1	96,8,1	96,8,1	96,8,1	104,8,1	104,8,1	104,8,1	96,8,1	128,8,1	96,8,1	232,8,1	192,8,1	232,8,1	192,8,1	144,8,1	240,8,1	96,8,1	96,8,1	80,8,1	96,8,1	80,8,1	176,8,1	176,8,1	104,8,1	96,8,1	112,8,1	112,8,1	96,8,1	80,8,1	96,8,1	112,8,1	96,8,1	48,8,1	112,8,1	112,8,1	112,8,1
英豪之少林手	80,8,1	80,8,1							120,8,1	120,8,1	80,8,1	88,8,1						248,8,1	248,8,1	96,8,1						96,8,1	96,8,1	192,8,1					104,8,1	104,8,1	88,8,1					96,8,1	96,8,1	96,8,1								232,8,1	192,8,1	232,8,1	192,8,1	144,8,1	240,8,1						176,8,1	176,8,1	104,8,1												
英豪之少林棍	80,8,1	80,8,1							120,8,1	120,8,1	80,8,1	88,8,1						248,8,1	248,8,1	96,8,1						96,8,1	96,8,1	192,8,1					104,8,1	104,8,1	88,8,1					96,8,1	96,8,1	96,8,1								232,8,1	192,8,1	232,8,1	192,8,1	144,8,1	240,8,1						176,8,1	176,8,1	104,8,1												
英豪之少林刀	80,8,1	80,8,1							120,8,1	120,8,1	80,8,1	88,8,1						248,8,1	248,8,1	96,8,1						96,8,1	96,8,1	192,8,1					104,8,1	104,8,1	88,8,1					96,8,1	96,8,1	96,8,1								232,8,1	192,8,1	232,8,1	192,8,1	144,8,1	240,8,1						176,8,1	176,8,1	104,8,1												
英豪之天王锤	80,8,1	80,8,1	80,8,1	64,8,1	64,8,1	96,8,1	64,8,1	64,8,1	120,8,1	120,8,1	80,8,1	88,8,1	96,8,1	96,8,1	96,8,1	96,8,1	96,8,1	248,8,1	248,8,1	96,8,1	96,8,1	96,8,1	96,8,1	96,8,1	96,8,1	96,8,1	96,8,1	192,8,1	64,8,1	64,8,1	48,8,1	48,8,1	104,8,1	104,8,1	88,8,1	104,8,1	120,8,1	80,8,1	80,8,1	96,8,1	96,8,1	96,8,1	96,8,1	104,8,1	104,8,1	104,8,1	96,8,1	128,8,1	96,8,1	232,8,1	192,8,1	232,8,1	192,8,1	144,8,1	240,8,1	96,8,1	96,8,1	80,8,1	96,8,1	80,8,1	176,8,1	176,8,1	104,8,1	96,8,1	112,8,1	112,8,1	96,8,1	80,8,1	96,8,1	112,8,1	96,8,1	48,8,1	112,8,1	112,8,1	112,8,1
英豪之天王枪	80,8,1	80,8,1	80,8,1	64,8,1	64,8,1	96,8,1	64,8,1	64,8,1	120,8,1	120,8,1	80,8,1	88,8,1	96,8,1	96,8,1	96,8,1	96,8,1	96,8,1	248,8,1	248,8,1	96,8,1	96,8,1	96,8,1	96,8,1	96,8,1	96,8,1	96,8,1	96,8,1	192,8,1	64,8,1	64,8,1	48,8,1	48,8,1	104,8,1	104,8,1	88,8,1	104,8,1	120,8,1	80,8,1	80,8,1	96,8,1	96,8,1	96,8,1	96,8,1	104,8,1	104,8,1	104,8,1	96,8,1	128,8,1	96,8,1	232,8,1	192,8,1	232,8,1	192,8,1	144,8,1	240,8,1	96,8,1	96,8,1	80,8,1	96,8,1	80,8,1	176,8,1	176,8,1	104,8,1	96,8,1	112,8,1	112,8,1	96,8,1	80,8,1	96,8,1	112,8,1	96,8,1	48,8,1	112,8,1	112,8,1	112,8,1
英豪之天王刀	80,8,1	80,8,1	80,8,1	64,8,1	64,8,1	96,8,1	64,8,1	64,8,1	120,8,1	120,8,1	80,8,1	88,8,1	96,8,1	96,8,1	96,8,1	96,8,1	96,8,1	248,8,1	248,8,1	96,8,1	96,8,1	96,8,1	96,8,1	96,8,1	96,8,1	96,8,1	96,8,1	192,8,1	64,8,1	64,8,1	48,8,1	48,8,1	104,8,1	104,8,1	88,8,1	104,8,1	120,8,1	80,8,1	80,8,1	96,8,1	96,8,1	96,8,1	96,8,1	104,8,1	104,8,1	104,8,1	96,8,1	128,8,1	96,8,1	232,8,1	192,8,1	232,8,1	192,8,1	144,8,1	240,8,1	96,8,1	96,8,1	80,8,1	96,8,1	80,8,1	176,8,1	176,8,1	104,8,1	96,8,1	112,8,1	112,8,1	96,8,1	80,8,1	96,8,1	112,8,1	96,8,1	48,8,1	112,8,1	112,8,1	112,8,1
英豪之峨眉剑	80,8,1	80,8,1	80,8,1	64,8,1	64,8,1	96,8,1	64,8,1	64,8,1	120,8,1	120,8,1	80,8,1	88,8,1	96,8,1	96,8,1	96,8,1	96,8,1	96,8,1	248,8,1	248,8,1	96,8,1	96,8,1	96,8,1	96,8,1	96,8,1	96,8,1	96,8,1	96,8,1	192,8,1	64,8,1	64,8,1	48,8,1	48,8,1	104,8,1	104,8,1	88,8,1	104,8,1	120,8,1	80,8,1	80,8,1	96,8,1	96,8,1	96,8,1	96,8,1	104,8,1	104,8,1	104,8,1	96,8,1	128,8,1	96,8,1	232,8,1	192,8,1	232,8,1	192,8,1	144,8,1	240,8,1	96,8,1	96,8,1	80,8,1	96,8,1	80,8,1	176,8,1	176,8,1	104,8,1	96,8,1	112,8,1	112,8,1	96,8,1	80,8,1	96,8,1	112,8,1	96,8,1	48,8,1	112,8,1	112,8,1	112,8,1
英豪之峨眉手	80,8,1	80,8,1	80,8,1	64,8,1	64,8,1	96,8,1	64,8,1	64,8,1	120,8,1	120,8,1	80,8,1	88,8,1	96,8,1	96,8,1	96,8,1	96,8,1	96,8,1	248,8,1	248,8,1	96,8,1	96,8,1	96,8,1	96,8,1	96,8,1	96,8,1	96,8,1	96,8,1	192,8,1	64,8,1	64,8,1	48,8,1	48,8,1	104,8,1	104,8,1	88,8,1	104,8,1	120,8,1	80,8,1	80,8,1	96,8,1	96,8,1	96,8,1	96,8,1	104,8,1	104,8,1	104,8,1	96,8,1	128,8,1	96,8,1	232,8,1	192,8,1	232,8,1	192,8,1	144,8,1	240,8,1	96,8,1	96,8,1	80,8,1	96,8,1	80,8,1	176,8,1	176,8,1	104,8,1	96,8,1	112,8,1	112,8,1	96,8,1	80,8,1	96,8,1	112,8,1	96,8,1	48,8,1	112,8,1	112,8,1	112,8,1
英豪之翠烟单刀	80,8,1	80,8,1	80,8,1	64,8,1	64,8,1	96,8,1	64,8,1	64,8,1	120,8,1	120,8,1	80,8,1	88,8,1	96,8,1	96,8,1	96,8,1	96,8,1	96,8,1	248,8,1	248,8,1	96,8,1	96,8,1	96,8,1	96,8,1	96,8,1	96,8,1	96,8,1	96,8,1	192,8,1	64,8,1	64,8,1	48,8,1	48,8,1	104,8,1	104,8,1	88,8,1	104,8,1	120,8,1	80,8,1	80,8,1	96,8,1	96,8,1	96,8,1	96,8,1	104,8,1	104,8,1	104,8,1	96,8,1	128,8,1	96,8,1	232,8,1	192,8,1	232,8,1	192,8,1	144,8,1	240,8,1	96,8,1	96,8,1	80,8,1	96,8,1	80,8,1	176,8,1	176,8,1	104,8,1	96,8,1	112,8,1	112,8,1	96,8,1	80,8,1	96,8,1	112,8,1	96,8,1	48,8,1	112,8,1	112,8,1	112,8,1
英豪之翠烟双刀	80,8,1	80,8,1	80,8,1	64,8,1	64,8,1	96,8,1	64,8,1	64,8,1	120,8,1	120,8,1	80,8,1	88,8,1	96,8,1	96,8,1	96,8,1	96,8,1	96,8,1	248,8,1	248,8,1	96,8,1	96,8,1	96,8,1	96,8,1	96,8,1	96,8,1	96,8,1	96,8,1	192,8,1	64,8,1	64,8,1	48,8,1	48,8,1	104,8,1	104,8,1	88,8,1	104,8,1	120,8,1	80,8,1	80,8,1	96,8,1	96,8,1	96,8,1	96,8,1	104,8,1	104,8,1	104,8,1	96,8,1	128,8,1	96,8,1	232,8,1	192,8,1	232,8,1	192,8,1	144,8,1	240,8,1	96,8,1	96,8,1	80,8,1	96,8,1	80,8,1	176,8,1	176,8,1	104,8,1	96,8,1	112,8,1	112,8,1	96,8,1	80,8,1	96,8,1	112,8,1	96,8,1	48,8,1	112,8,1	112,8,1	112,8,1
英豪之五毒手	80,8,1	80,8,1	80,8,1	64,8,1	64,8,1	96,8,1	64,8,1	64,8,1	120,8,1	120,8,1	80,8,1	88,8,1	96,8,1	96,8,1	96,8,1	96,8,1	96,8,1	248,8,1	248,8,1	96,8,1	96,8,1	96,8,1	96,8,1	96,8,1	96,8,1	96,8,1	96,8,1	192,8,1	64,8,1	64,8,1	48,8,1	48,8,1	104,8,1	104,8,1	88,8,1	104,8,1	120,8,1	80,8,1	80,8,1	96,8,1	96,8,1	96,8,1	96,8,1	104,8,1	104,8,1	104,8,1	96,8,1	128,8,1	96,8,1	232,8,1	192,8,1	232,8,1	192,8,1	144,8,1	240,8,1	96,8,1	96,8,1	80,8,1	96,8,1	80,8,1	176,8,1	176,8,1	104,8,1	96,8,1	112,8,1	112,8,1	96,8,1	80,8,1	96,8,1	112,8,1	96,8,1	48,8,1	112,8,1	112,8,1	112,8,1
英豪之五毒刀	80,8,1	80,8,1	80,8,1	64,8,1	64,8,1	96,8,1	64,8,1	64,8,1	120,8,1	120,8,1	80,8,1	88,8,1	96,8,1	96,8,1	96,8,1	96,8,1	96,8,1	248,8,1	248,8,1	96,8,1	96,8,1	96,8,1	96,8,1	96,8,1	96,8,1	96,8,1	96,8,1	192,8,1	64,8,1	64,8,1	48,8,1	48,8,1	104,8,1	104,8,1	88,8,1	104,8,1	120,8,1	80,8,1	80,8,1	96,8,1	96,8,1	96,8,1	96,8,1	104,8,1	104,8,1	104,8,1	96,8,1	128,8,1	96,8,1	232,8,1	192,8,1	232,8,1	192,8,1	144,8,1	240,8,1	96,8,1	96,8,1	80,8,1	96,8,1	80,8,1	176,8,1	176,8,1	104,8,1	96,8,1	112,8,1	112,8,1	96,8,1	80,8,1	96,8,1	112,8,1	96,8,1	48,8,1	112,8,1	112,8,1	112,8,1
英豪之唐门飞刀	80,8,1	80,8,1	80,8,1	64,8,1	64,8,1	96,8,1	64,8,1	64,8,1	120,8,1	120,8,1	80,8,1	88,8,1	96,8,1	96,8,1	96,8,1	96,8,1	96,8,1	248,8,1	248,8,1	96,8,1	96,8,1	96,8,1	96,8,1	96,8,1	96,8,1	96,8,1	96,8,1	192,8,1	64,8,1	64,8,1	48,8,1	48,8,1	104,8,1	104,8,1	88,8,1	104,8,1	120,8,1	80,8,1	80,8,1	96,8,1	96,8,1	96,8,1	96,8,1	104,8,1	104,8,1	104,8,1	96,8,1	128,8,1	96,8,1	232,8,1	192,8,1	232,8,1	192,8,1	144,8,1	240,8,1	96,8,1	96,8,1	80,8,1	96,8,1	80,8,1	176,8,1	176,8,1	104,8,1	96,8,1	112,8,1	112,8,1	96,8,1	80,8,1	96,8,1	112,8,1	96,8,1	48,8,1	112,8,1	112,8,1	112,8,1
英豪之唐门袖箭	80,8,1	80,8,1	80,8,1	64,8,1	64,8,1	96,8,1	64,8,1	64,8,1	120,8,1	120,8,1	80,8,1	88,8,1	96,8,1	96,8,1	96,8,1	96,8,1	96,8,1	248,8,1	248,8,1	96,8,1	96,8,1	96,8,1	96,8,1	96,8,1	96,8,1	96,8,1	96,8,1	192,8,1	64,8,1	64,8,1	48,8,1	48,8,1	104,8,1	104,8,1	88,8,1	104,8,1	120,8,1	80,8,1	80,8,1	96,8,1	96,8,1	96,8,1	96,8,1	104,8,1	104,8,1	104,8,1	96,8,1	128,8,1	96,8,1	232,8,1	192,8,1	232,8,1	192,8,1	144,8,1	240,8,1	96,8,1	96,8,1	80,8,1	96,8,1	80,8,1	176,8,1	176,8,1	104,8,1	96,8,1	112,8,1	112,8,1	96,8,1	80,8,1	96,8,1	112,8,1	96,8,1	48,8,1	112,8,1	112,8,1	112,8,1
英豪之唐门飞镖	80,8,1	80,8,1	80,8,1	64,8,1	64,8,1	96,8,1	64,8,1	64,8,1	120,8,1	120,8,1	80,8,1	88,8,1	96,8,1	96,8,1	96,8,1	96,8,1	96,8,1	248,8,1	248,8,1	96,8,1	96,8,1	96,8,1	96,8,1	96,8,1	96,8,1	96,8,1	96,8,1	192,8,1	64,8,1	64,8,1	48,8,1	48,8,1	104,8,1	104,8,1	88,8,1	104,8,1	120,8,1	80,8,1	80,8,1	96,8,1	96,8,1	96,8,1	96,8,1	104,8,1	104,8,1	104,8,1	96,8,1	128,8,1	96,8,1	232,8,1	192,8,1	232,8,1	192,8,1	144,8,1	240,8,1	96,8,1	96,8,1	80,8,1	96,8,1	80,8,1	176,8,1	176,8,1	104,8,1	96,8,1	112,8,1	112,8,1	96,8,1	80,8,1	96,8,1	112,8,1	96,8,1	48,8,1	112,8,1	112,8,1	112,8,1
英豪之丐帮缠手	80,8,1	80,8,1	80,8,1	64,8,1	64,8,1	96,8,1	64,8,1	64,8,1	120,8,1	120,8,1	80,8,1	88,8,1	96,8,1	96,8,1	96,8,1	96,8,1	96,8,1	248,8,1	248,8,1	96,8,1	96,8,1	96,8,1	96,8,1	96,8,1	96,8,1	96,8,1	96,8,1	192,8,1	64,8,1	64,8,1	48,8,1	48,8,1	104,8,1	104,8,1	88,8,1	104,8,1	120,8,1	80,8,1	80,8,1	96,8,1	96,8,1	96,8,1	96,8,1	104,8,1	104,8,1	104,8,1	96,8,1	128,8,1	96,8,1	232,8,1	192,8,1	232,8,1	192,8,1	144,8,1	240,8,1	96,8,1	96,8,1	80,8,1	96,8,1	80,8,1	176,8,1	176,8,1	104,8,1	96,8,1	112,8,1	112,8,1	96,8,1	80,8,1	96,8,1	112,8,1	96,8,1	48,8,1	112,8,1	112,8,1	112,8,1
英豪之丐帮杖	80,8,1	80,8,1	80,8,1	64,8,1	64,8,1	96,8,1	64,8,1	64,8,1	120,8,1	120,8,1	80,8,1	88,8,1	96,8,1	96,8,1	96,8,1	96,8,1	96,8,1	248,8,1	248,8,1	96,8,1	96,8,1	96,8,1	96,8,1	96,8,1	96,8,1	96,8,1	96,8,1	192,8,1	64,8,1	64,8,1	48,8,1	48,8,1	104,8,1	104,8,1	88,8,1	104,8,1	120,8,1	80,8,1	80,8,1	96,8,1	96,8,1	96,8,1	96,8,1	104,8,1	104,8,1	104,8,1	96,8,1	128,8,1	96,8,1	232,8,1	192,8,1	232,8,1	192,8,1	144,8,1	240,8,1	96,8,1	96,8,1	80,8,1	96,8,1	80,8,1	176,8,1	176,8,1	104,8,1	96,8,1	112,8,1	112,8,1	96,8,1	80,8,1	96,8,1	112,8,1	96,8,1	48,8,1	112,8,1	112,8,1	112,8,1
英豪之天忍枪	80,8,1	80,8,1	80,8,1	64,8,1	64,8,1	96,8,1	64,8,1	64,8,1	120,8,1	120,8,1	80,8,1	88,8,1	96,8,1	96,8,1	96,8,1	96,8,1	96,8,1	248,8,1	248,8,1	96,8,1	96,8,1	96,8,1	96,8,1	96,8,1	96,8,1	96,8,1	96,8,1	192,8,1	64,8,1	64,8,1	48,8,1	48,8,1	104,8,1	104,8,1	88,8,1	104,8,1	120,8,1	80,8,1	80,8,1	96,8,1	96,8,1	96,8,1	96,8,1	104,8,1	104,8,1	104,8,1	96,8,1	128,8,1	96,8,1	232,8,1	192,8,1	232,8,1	192,8,1	144,8,1	240,8,1	96,8,1	96,8,1	80,8,1	96,8,1	80,8,1	176,8,1	176,8,1	104,8,1	96,8,1	112,8,1	112,8,1	96,8,1	80,8,1	96,8,1	112,8,1	96,8,1	48,8,1	112,8,1	112,8,1	112,8,1
英豪之天忍刀	80,8,1	80,8,1	80,8,1	64,8,1	64,8,1	96,8,1	64,8,1	64,8,1	120,8,1	120,8,1	80,8,1	88,8,1	96,8,1	96,8,1	96,8,1	96,8,1	96,8,1	248,8,1	248,8,1	96,8,1	96,8,1	96,8,1	96,8,1	96,8,1	96,8,1	96,8,1	96,8,1	192,8,1	64,8,1	64,8,1	48,8,1	48,8,1	104,8,1	104,8,1	88,8,1	104,8,1	120,8,1	80,8,1	80,8,1	96,8,1	96,8,1	96,8,1	96,8,1	104,8,1	104,8,1	104,8,1	96,8,1	128,8,1	96,8,1	232,8,1	192,8,1	232,8,1	192,8,1	144,8,1	240,8,1	96,8,1	96,8,1	80,8,1	96,8,1	80,8,1	176,8,1	176,8,1	104,8,1	96,8,1	112,8,1	112,8,1	96,8,1	80,8,1	96,8,1	112,8,1	96,8,1	48,8,1	112,8,1	112,8,1	112,8,1
英豪之武当剑	80,8,1	80,8,1	80,8,1	64,8,1	64,8,1	96,8,1	64,8,1	64,8,1	120,8,1	120,8,1	80,8,1	88,8,1	96,8,1	96,8,1	96,8,1	96,8,1	96,8,1	248,8,1	248,8,1	96,8,1	96,8,1	96,8,1	96,8,1	96,8,1	96,8,1	96,8,1	96,8,1	192,8,1	64,8,1	64,8,1	48,8,1	48,8,1	104,8,1	104,8,1	88,8,1	104,8,1	120,8,1	80,8,1	80,8,1	96,8,1	96,8,1	96,8,1	96,8,1	104,8,1	104,8,1	104,8,1	96,8,1	128,8,1	96,8,1	232,8,1	192,8,1	232,8,1	192,8,1	144,8,1	240,8,1	96,8,1	96,8,1	80,8,1	96,8,1	80,8,1	176,8,1	176,8,1	104,8,1	96,8,1	112,8,1	112,8,1	96,8,1	80,8,1	96,8,1	112,8,1	96,8,1	48,8,1	112,8,1	112,8,1	112,8,1
英豪之武当剑	80,8,1	80,8,1	80,8,1	64,8,1	64,8,1	96,8,1	64,8,1	64,8,1	120,8,1	120,8,1	80,8,1	88,8,1	96,8,1	96,8,1	96,8,1	96,8,1	96,8,1	248,8,1	248,8,1	96,8,1	96,8,1	96,8,1	96,8,1	96,8,1	96,8,1	96,8,1	96,8,1	192,8,1	64,8,1	64,8,1	48,8,1	48,8,1	104,8,1	104,8,1	88,8,1	104,8,1	120,8,1	80,8,1	80,8,1	96,8,1	96,8,1	96,8,1	96,8,1	104,8,1	104,8,1	104,8,1	96,8,1	128,8,1	96,8,1	232,8,1	192,8,1	232,8,1	192,8,1	144,8,1	240,8,1	96,8,1	96,8,1	80,8,1	96,8,1	80,8,1	176,8,1	176,8,1	104,8,1	96,8,1	112,8,1	112,8,1	96,8,1	80,8,1	96,8,1	112,8,1	96,8,1	48,8,1	112,8,1	112,8,1	112,8,1
英豪之昆仑刀	80,8,1	80,8,1	80,8,1	64,8,1	64,8,1	96,8,1	64,8,1	64,8,1	120,8,1	120,8,1	80,8,1	88,8,1	96,8,1	96,8,1	96,8,1	96,8,1	96,8,1	248,8,1	248,8,1	96,8,1	96,8,1	96,8,1	96,8,1	96,8,1	96,8,1	96,8,1	96,8,1	192,8,1	64,8,1	64,8,1	48,8,1	48,8,1	104,8,1	104,8,1	88,8,1	104,8,1	120,8,1	80,8,1	80,8,1	96,8,1	96,8,1	96,8,1	96,8,1	104,8,1	104,8,1	104,8,1	96,8,1	128,8,1	96,8,1	232,8,1	192,8,1	232,8,1	192,8,1	144,8,1	240,8,1	96,8,1	96,8,1	80,8,1	96,8,1	80,8,1	176,8,1	176,8,1	104,8,1	96,8,1	112,8,1	112,8,1	96,8,1	80,8,1	96,8,1	112,8,1	96,8,1	48,8,1	112,8,1	112,8,1	112,8,1
英豪之昆仑剑	80,8,1	80,8,1	80,8,1	64,8,1	64,8,1	96,8,1	64,8,1	64,8,1	120,8,1	120,8,1	80,8,1	88,8,1	96,8,1	96,8,1	96,8,1	96,8,1	96,8,1	248,8,1	248,8,1	96,8,1	96,8,1	96,8,1	96,8,1	96,8,1	96,8,1	96,8,1	96,8,1	192,8,1	64,8,1	64,8,1	48,8,1	48,8,1	104,8,1	104,8,1	88,8,1	104,8,1	120,8,1	80,8,1	80,8,1	96,8,1	96,8,1	96,8,1	96,8,1	104,8,1	104,8,1	104,8,1	96,8,1	128,8,1	96,8,1	232,8,1	192,8,1	232,8,1	192,8,1	144,8,1	240,8,1	96,8,1	96,8,1	80,8,1	96,8,1	80,8,1	176,8,1	176,8,1	104,8,1	96,8,1	112,8,1	112,8,1	96,8,1	80,8,1	96,8,1	112,8,1	96,8,1	48,8,1	112,8,1	112,8,1	112,8,1
英豪之华山剑	80,8,1	80,8,1	80,8,1	64,8,1	64,8,1	96,8,1	64,8,1	64,8,1	120,8,1	120,8,1	80,8,1	88,8,1	96,8,1	96,8,1	96,8,1	96,8,1	96,8,1	248,8,1	248,8,1	96,8,1	96,8,1	96,8,1	96,8,1	96,8,1	96,8,1	96,8,1	96,8,1	192,8,1	64,8,1	64,8,1	48,8,1	48,8,1	104,8,1	104,8,1	88,8,1	104,8,1	120,8,1	80,8,1	80,8,1	96,8,1	96,8,1	96,8,1	96,8,1	104,8,1	104,8,1	104,8,1	96,8,1	128,8,1	96,8,1	232,8,1	192,8,1	232,8,1	192,8,1	144,8,1	240,8,1	96,8,1	96,8,1	80,8,1	96,8,1	80,8,1	176,8,1	176,8,1	104,8,1	96,8,1	112,8,1	112,8,1	96,8,1	80,8,1	96,8,1	112,8,1	96,8,1	48,8,1	112,8,1	112,8,1	112,8,1
英豪之华山剑	80,8,1	80,8,1	80,8,1	64,8,1	64,8,1	96,8,1	64,8,1	64,8,1	120,8,1	120,8,1	80,8,1	88,8,1	96,8,1	96,8,1	96,8,1	96,8,1	96,8,1	248,8,1	248,8,1	96,8,1	96,8,1	96,8,1	96,8,1	96,8,1	96,8,1	96,8,1	96,8,1	192,8,1	64,8,1	64,8,1	48,8,1	48,8,1	104,8,1	104,8,1	88,8,1	104,8,1	120,8,1	80,8,1	80,8,1	96,8,1	96,8,1	96,8,1	96,8,1	104,8,1	104,8,1	104,8,1	96,8,1	128,8,1	96,8,1	232,8,1	192,8,1	232,8,1	192,8,1	144,8,1	240,8,1	96,8,1	96,8,1	80,8,1	96,8,1	80,8,1	176,8,1	176,8,1	104,8,1	96,8,1	112,8,1	112,8,1	96,8,1	80,8,1	96,8,1	112,8,1	96,8,1	48,8,1	112,8,1	112,8,1	112,8,1
英豪之武魂盾法	80,8,1	80,8,1	80,8,1	64,8,1	64,8,1	96,8,1	64,8,1	64,8,1	120,8,1	120,8,1	80,8,1	88,8,1	96,8,1	96,8,1	96,8,1	96,8,1	96,8,1	248,8,1	248,8,1	96,8,1	96,8,1	96,8,1	96,8,1	96,8,1	96,8,1	96,8,1	96,8,1	192,8,1	64,8,1	64,8,1	48,8,1	48,8,1	104,8,1	104,8,1	88,8,1	104,8,1	120,8,1	80,8,1	80,8,1	96,8,1	96,8,1	96,8,1	96,8,1	104,8,1	104,8,1	104,8,1	96,8,1	128,8,1	96,8,1	232,8,1	192,8,1	232,8,1	192,8,1	144,8,1	240,8,1	96,8,1	96,8,1	80,8,1	96,8,1	80,8,1	176,8,1	176,8,1	104,8,1	96,8,1	112,8,1	112,8,1	96,8,1	80,8,1	96,8,1	112,8,1	96,8,1	48,8,1	112,8,1	112,8,1	112,8,1
英豪之武魂刀法	80,8,1	80,8,1	80,8,1	64,8,1	64,8,1	96,8,1	64,8,1	64,8,1	120,8,1	120,8,1	80,8,1	88,8,1	96,8,1	96,8,1	96,8,1	96,8,1	96,8,1	248,8,1	248,8,1	96,8,1	96,8,1	96,8,1	96,8,1	96,8,1	96,8,1	96,8,1	96,8,1	192,8,1	64,8,1	64,8,1	48,8,1	48,8,1	104,8,1	104,8,1	88,8,1	104,8,1	120,8,1	80,8,1	80,8,1	96,8,1	96,8,1	96,8,1	96,8,1	104,8,1	104,8,1	104,8,1	96,8,1	128,8,1	96,8,1	232,8,1	192,8,1	232,8,1	192,8,1	144,8,1	240,8,1	96,8,1	96,8,1	80,8,1	96,8,1	80,8,1	176,8,1	176,8,1	104,8,1	96,8,1	112,8,1	112,8,1	96,8,1	80,8,1	96,8,1	112,8,1	96,8,1	48,8,1	112,8,1	112,8,1	112,8,1
逍遥套装1	80,8,1	80,8,1	80,8,1	64,8,1	64,8,1	96,8,1	64,8,1	64,8,1	120,8,1	120,8,1	80,8,1	88,8,1	96,8,1	96,8,1	96,8,1	96,8,1	96,8,1	248,8,1	248,8,1	96,8,1	96,8,1	96,8,1	96,8,1	96,8,1	96,8,1	96,8,1	96,8,1	192,8,1	64,8,1	64,8,1	48,8,1	48,8,1	104,8,1	104,8,1	88,8,1	104,8,1	120,8,1	80,8,1	80,8,1	96,8,1	96,8,1	96,8,1	96,8,1	104,8,1	104,8,1	104,8,1	96,8,1	128,8,1	96,8,1	232,8,1	192,8,1	232,8,1	192,8,1	144,8,1	240,8,1	96,8,1	96,8,1	80,8,1	96,8,1	80,8,1	176,8,1	176,8,1	104,8,1	96,8,1	112,8,1	112,8,1	96,8,1	80,8,1	96,8,1	112,8,1	96,8,1	48,8,1	112,8,1	112,8,1	112,8,1
逍遥套装2	80,8,1	80,8,1	80,8,1	64,8,1	64,8,1	96,8,1	64,8,1	64,8,1	120,8,1	120,8,1	80,8,1	88,8,1	96,8,1	96,8,1	96,8,1	96,8,1	96,8,1	248,8,1	248,8,1	96,8,1	96,8,1	96,8,1	96,8,1	96,8,1	96,8,1	96,8,1	96,8,1	192,8,1	64,8,1	64,8,1	48,8,1	48,8,1	104,8,1	104,8,1	88,8,1	104,8,1	120,8,1	80,8,1	80,8,1	96,8,1	96,8,1	96,8,1	96,8,1	104,8,1	104,8,1	104,8,1	96,8,1	128,8,1	96,8,1	232,8,1	192,8,1	232,8,1	192,8,1	144,8,1	240,8,1	96,8,1	96,8,1	80,8,1	96,8,1	80,8,1	176,8,1	176,8,1	104,8,1	96,8,1	112,8,1	112,8,1	96,8,1	80,8,1	96,8,1	112,8,1	96,8,1	48,8,1	112,8,1	112,8,1	112,8,1
逍遥套装3	80,8,1	80,8,1	80,8,1	64,8,1	64,8,1	96,8,1	64,8,1	64,8,1	120,8,1	120,8,1	80,8,1	88,8,1	96,8,1	96,8,1	96,8,1	96,8,1	96,8,1	248,8,1	248,8,1	96,8,1	96,8,1	96,8,1	96,8,1	96,8,1	96,8,1	96,8,1	96,8,1	192,8,1	64,8,1	64,8,1	48,8,1	48,8,1	104,8,1	104,8,1	88,8,1	104,8,1	120,8,1	80,8,1	80,8,1	96,8,1	96,8,1	96,8,1	96,8,1	104,8,1	104,8,1	104,8,1	96,8,1	128,8,1	96,8,1	232,8,1	192,8,1	232,8,1	192,8,1	144,8,1	240,8,1	96,8,1	96,8,1	80,8,1	96,8,1	80,8,1	176,8,1	176,8,1	104,8,1	96,8,1	112,8,1	112,8,1	96,8,1	80,8,1	96,8,1	112,8,1	96,8,1	48,8,1	112,8,1	112,8,1	112,8,1
逍遥套装4	80,8,1	80,8,1	80,8,1	64,8,1	64,8,1	96,8,1	64,8,1	64,8,1	120,8,1	120,8,1	80,8,1	88,8,1	96,8,1	96,8,1	96,8,1	96,8,1	96,8,1	248,8,1	248,8,1	96,8,1	96,8,1	96,8,1	96,8,1	96,8,1	96,8,1	96,8,1	96,8,1	192,8,1	64,8,1	64,8,1	48,8,1	48,8,1	104,8,1	104,8,1	88,8,1	104,8,1	120,8,1	80,8,1	80,8,1	96,8,1	96,8,1	96,8,1	96,8,1	104,8,1	104,8,1	104,8,1	96,8,1	128,8,1	96,8,1	232,8,1	192,8,1	232,8,1	192,8,1	144,8,1	240,8,1	96,8,1	96,8,1	80,8,1	96,8,1	80,8,1	176,8,1	176,8,1	104,8,1	96,8,1	112,8,1	112,8,1	96,8,1	80,8,1	96,8,1	112,8,1	96,8,1	48,8,1	112,8,1	112,8,1	112,8,1
