ITEM_NAME	ITEM_QUALITY	ITEM_GENRE	ITEM_DETAILTYPE	ITEM_PARTICULAR	ITEM_LEVEL	ITEM_SERIES	ITEMVALUE	ITEMVALUE_SCRIPT	REMARK
神秘矿石		6	1	398			100000000		
兰水晶		4	238	1			8000000		
紫水晶		4	239	1			8000000		
绿水晶		4	240	1			8000000		
福缘露（小）		6	1	122			600000		
福缘露（中）		6	1	123			1200000		
福缘露（大）		6	1	124			3000000		
武林秘籍		6	1	26			100000000		
袖箭术・暴雨梨花		6	1	27			40000000		
陷阱术・乱环击		6	1	28			20000000		
太极拳谱・卷三		6	1	33			40000000		
太极剑谱・卷二		6	1	34			40000000		
云龙击・矛法		6	1	35			20000000		
流星・刀法		6	1	36			60000000		
天王锤法・卷一		6	1	37			40000000		
天王枪法・卷二		6	1	38			40000000
天王刀法・卷三		6	1	39			20000000
翠烟刀法		6	1	40			40000000
翠烟双刀		6	1	41			20000000
灭剑秘籍		6	1	42			20000000
峨嵋佛光掌秘籍		6	1	43			40000000
飞刀术・摄魂月影		6	1	45			40000000
飞镖术・九宫飞星		6	1	46			20000000
五毒掌法・卷一		6	1	47			20000000
五毒刀法・卷二		6	1	48			40000000
五毒慑心术・卷三		6	1	49			20000000
驭风术		6	1	50			40000000
驭雷术		6	1	51			20000000
驭心术		6	1	52			20000000
摄魂・诅咒		6	1	53			20000000
丐帮掌法		6	1	54			40000000
丐帮棍法		6	1	55			40000000	
少林拳法・卷一		6	1	56			20000000	
少林棍法・卷二		6	1	57			20000000	
少林刀法・卷三		6	1	58			40000000	
普渡秘籍		6	1	59			20000000	
洗髓经		6	1	22			50000000	
金犀		4	979	1			20000000	
玄晶矿石		6	1	147				\script\item\itemvalue\ore.lua
玄铁矿		6	1	200				\script\item\itemvalue\ore.lua
秘银矿		6	1	201				\script\item\itemvalue\ore.lua
朱砂矿		6	1	202				\script\item\itemvalue\ore.lua
孔雀石		6	1	203				\script\item\itemvalue\ore.lua
芙蓉石		6	1	204				\script\item\itemvalue\ore.lua
钟乳石		6	1	205				\script\item\itemvalue\ore.lua
普通品质装备	0	0						\script\item\itemvalue\equip_normal.lua
黄金品质装备	1	0						\script\item\itemvalue\equip_gold.lua
可镶嵌品质装备	2	0						\script\item\itemvalue\equip_enchasable.lua
镇帮之石1级		6	1	1019	1		1000000	
镇帮之石2级		6	1	1019	2		2000000
镇帮之石3级		6	1	1019	3		5000000
镇帮之石4级		6	1	1019	4		10000000
镇帮之石5级		6	1	1019	5		20000000
镇帮之石6级		6	1	1019	6		50000000
镇帮之石7级		6	1	1019	7		100000000
镇帮之石8级		6	1	1019	8		200000000
镇帮之石9级		6	1	1019	9		400000000
镇帮之石10级		6	1	1019	10		700000000
凤凰印		6	1	1105	1		3000000	
玄金		6	1	3151				\script\item\itemvalue\fantasygold.lua
玄金之精		6	1	3152				\script\item\itemvalue\fantasygoldessence.lua
